DOZE1_M2_Lower = {
	2200, 2200, 2200, 2200, 2200, 2200, 2200, 2200, 2200, 2200, 2200, 2200, 2200, 2200, 2200, 2200, 2200, 2200, 2200, 2200, 2200, 2200, 2200, 2200, 2200, 2200, 2200, 2200, 2200, 2200, 2200, 2200,
	2200, 2200, 2200, 2200, 2200, 2200, 2200, 2200, 2200, 2200, 2200, 2200, 2200, 2200, 2200, 2200, 2200, 2200, 2200, 2200, 2200, 2200, 2200, 2200, 2200, 2200, 2200, 2200, 2200, 2200, 2200, 2200,
	2200, 2200, 2200, 2200, 2200, 2200, 2200, 2200, 2200, 2200, 2200, 2200, 2200, 2200, 2200, 2200, 2200, 2200, 2200, 2200, 2200, 2200, 2200, 2200, 2200, 2200, 2200, 2200, 2200, 2200, 2200, 2200,
	2200, 2200, 2200, 2200, 2200, 2200, 2200, 2200, 2200, 2200, 2200, 2200, 2200, 2200, 2200, 2200, 2200, 2200, 2200, 2200, 2200, 2200, 2200, 2200, 2200, 2200, 2200, 2200, 2200, 2200, 2200, 2200,
	2200, 2200, 2200, 2200, 2200, 2200, 2200, 2200, 2200, 2200, 2200, 2200, 2200, 2200, 2200, 2200, 2200, 2200, 2200, 2200, 2200, 2200, 2200, 2200, 2200, 2200, 2200, 2200, 2200, 2200, 2200, 2200,
	2200, 2200, 2200, 2200, 2200, 2200, 2200, 2200, 2200, 2200, 2200, 2200, 2200, 2200, 2200, 2200, 2200, 2200, 2200, 2200, 2200, 2200, 2200, 2200, 2200, 2200, 2200, 2200, 2200, 2200, 2200, 2200,
	2200, 2200, 2200, 2200, 2200, 2200, 2200, 2200, 2200, 2200, 2200, 2200, 2200, 2200, 2200, 2200, 2200, 2200, 2200, 2200, 2200, 2200, 2200, 2200, 2200, 2200, 2200, 2200, 2200, 2200, 2200, 2200,
	2200, 2200, 2200, 2200, 2200, 2200, 2200, 2200, 2200, 2200, 2200, 2200, 2200, 2200, 2200, 2200, 2200, 2200, 2200, 2200, 2200, 2200, 2200, 2200, 2200, 2200, 2200, 2200, 2200, 2200, 2200, 2200,
	2200, 2200, 2200, 2200, 2200, 2200, 2200, 2200, 2200, 2200, 2200, 2200, 2200, 2200, 2200, 2200, 2200, 2200, 2200, 2200, 2200, 2200, 2200, 2200, 2200, 2200, 2200, 2200, 2200, 2200, 2200, 2200,
	2200, 2200, 2200, 2200, 2200, 2200, 2200, 2200, 2200, 2200, 2200, 2200, 2200, 2200, 2200, 2200, 2200, 2200, 2200, 2200, 2200, 2200, 2200, 2200, 2200, 2200, 2200, 2200, 2200, 2200, 2200, 2200,
	2200, 2200, 2200, 2200, 2200, 2200, 2200, 2200, 2200, 2200, 2200, 2200, 2200, 2200, 2200, 2200, 2200, 2200, 2200, 2200, 2200, 2200, 2200, 2200, 2200, 2200, 2200, 2200, 2200, 2200, 2200, 2200,
	2200, 2200, 2200, 2200, 2200, 2200, 2200, 2200, 2200, 2200, 2200, 2200, 2200, 2200, 2200, 2200, 2200, 2200, 2200, 2200, 2200, 2200, 2200, 2200, 2200, 2200, 2200, 2200, 2200, 2200, 2200, 2200,
	2200, 2200, 2200, 2200, 2200, 2200, 2200, 2200, 2200, 2200, 2200, 2200, 2200, 2200, 2200, 2200, 2200, 2200, 2200, 2200, 2200, 2200, 2200, 2200, 2200, 2200, 2200, 2200, 2200, 2200, 2200, 2200,
	2200, 2200, 2200, 2200, 2200, 2200, 2200, 2200, 2200, 2200, 2200, 2200, 2200, 2200, 2200, 2200, 2200, 2200, 2200, 2200, 2200, 2200, 2200, 2200, 2200, 2200, 2200, 2200, 2200, 2200, 2200, 2200,
	2200, 2200, 2200, 2200, 2200, 2200, 2200, 2200, 2200, 2200, 2200, 2200, 2200, 2200, 2200, 2200, 2200, 2200, 2200, 2200, 2200, 2200, 2200, 2200, 2200, 2200, 2200, 2200, 2200, 2200, 2200, 2200,
	2200, 2200, 2200, 2200, 2200, 2200, 2200, 2200, 2200, 2200, 2200, 2200, 2200, 2200, 2200, 2200, 2200, 2200, 2200, 2200, 2200, 2200, 2200, 2200, 2200, 2200, 2200, 2200, 2200, 2200, 2200, 2200,
	2200, 2200, 2200, 2200, 2200, 2200, 2200, 2200, 2200, 2200, 2200, 2200, 2200, 2200, 2200, 2200, 2200, 2200, 2200, 2200, 2200, 2200, 2200, 2200, 2200, 2200, 2200, 2200, 2200, 2200, 2200, 2200,
	2200, 2200, 2200, 2200, 2200, 2200, 2200, 2200, 2200, 2200, 2200, 2200, 2200, 2200, 2200, 2200, 2200, 2200, 2200, 2200, 2200, 2200, 2200, 2200, 2200, 2200, 2200, 2200, 2200, 2200, 2200, 2200,
	2200, 2200, 2200, 2200, 2200, 2200, 2200, 2200, 2200, 2200, 2200, 2200, 2200, 2200, 2200, 2200, 2200, 2200, 2200, 2200, 2200, 2200, 2200, 2200, 2200, 2200, 2200, 2200, 2200, 2200, 2200, 2200,
	2200, 2200, 2200, 2200, 2200, 2200, 2200, 2200, 2200, 2200, 2200, 2200, 2200, 2200, 2200, 2200, 2200, 2200, 2200, 2200, 2200, 2200, 2200, 2200, 2200, 2200, 2200, 2200, 2200, 2200, 2200, 2200,
	2200, 2200, 2200, 2200, 2200, 2200, 2200, 2200, 2200, 2200, 2200, 2200, 2200, 2200, 2200, 2200, 2200, 2200, 2200, 2200, 2200, 2200, 2200, 2200, 2200, 2200, 2200, 2200, 2200, 2200, 2200, 2200,
	2200, 2200, 2200, 2200, 2200, 2200, 2200, 2200, 2200, 2200, 2200, 2200, 2200, 2200, 2200, 2200, 2200, 2200, 2200, 2200, 2200, 2200, 2200, 2200, 2200, 2200, 2200, 2200, 2200, 2200, 2200, 2200,
	2200, 2200, 2200, 2200, 2200, 2200, 2200, 2200, 2200, 2200, 2200, 2200, 2200, 2200, 2200, 2200, 2200, 2200, 2200, 2200, 2200, 2200, 2200, 2200, 2200, 2200, 2200, 2200, 2200, 2200, 2200, 2200,
	2200, 2200, 2200, 2200, 2200, 2200, 2200, 2200, 2200, 2200, 2200, 2200, 2200, 2200, 2200, 2200, 2200, 2200, 2200, 2200, 2200, 2200, 2200, 2200, 2200, 2200, 2200, 2200, 2200, 2200, 2200, 2200,
	2200, 2200, 2200, 2200, 2200, 2200, 2200, 2200, 2200, 2200, 2200, 2200, 2200, 2200, 2200, 2200, 2200, 2200, 2200, 2200, 2200, 2200, 2200, 2200, 2200, 2200, 2200, 2200, 2200, 2200, 2200, 2200,
	2200, 2200, 2200, 2200, 2200, 2200, 2200, 2200, 2200, 2200, 2200, 2200, 2200, 2200, 2200, 2200, 2200, 2200, 2200, 2200, 2200, 2200, 2200, 2200, 2200, 2200, 2200, 2200, 2200, 2200, 2200, 2200,
	2200, 2200, 2200, 2200, 2200, 2200, 2200, 2200, 2200, 2200, 2200, 2200, 2200, 2200, 2200, 2200, 2200, 2200, 2200, 2200, 2200, 2200, 2200, 2200, 2200, 2200, 2200, 2200, 2200, 2200, 2200, 2200,
	2200, 2200, 2200, 2200, 2200, 2200, 2200, 2200, 2200, 2200, 2200, 2200, 2200, 2200, 2200, 2200, 2200, 2200, 2200, 2200, 2200, 2200, 2200, 2200, 2200, 2200, 2200, 2200, 2200, 2200, 2200, 2200,
	2200, 2200, 2200, 2200, 2200, 2200, 2200, 2200, 2200, 2200, 2200, 2200, 2200, 2200, 2200, 2200, 2200, 2200, 2200, 2200, 2200, 2200, 2200, 2200, 2200, 2200, 2200, 2200, 2200, 2200, 2200, 2200,
	2200, 2200, 2200, 2200, 2200, 2200, 2200, 2200, 2200, 2200, 2200, 2200, 2200, 2200, 2200, 2200, 2200, 2200, 2200, 2200, 2200, 2200, 2200, 2200, 2200, 2200, 2200, 2200, 2200, 2200, 2200, 2200,
	2200, 2200, 2200, 2200, 2200, 2200, 2200, 2200, 2200, 2200, 2200, 2200, 2200, 2200, 2200, 2200, 2200, 2200, 2200, 2200, 2200, 2200, 2200, 2200, 2200, 2200, 2200, 2200, 2200, 2200, 2200, 2200,
	2200, 2200, 2200, 2200, 2200, 2200, 2200, 2200, 2200, 2200, 2200, 2200, 2200, 2200, 2200, 2200, 2200, 2200, 2200, 2200, 2200, 2200, 2200, 2200, 2200, 2200, 2200, 2200, 2200, 2200, 2200, 2200,
}
DOZE1_M2_Upper = {
	5200, 5200, 5200, 5200, 5200, 5200, 5200, 5200, 5200, 5200, 5200, 5200, 5200, 5200, 5200, 5200, 5200, 5200, 5200, 5200, 5200, 5200, 5200, 5200, 5200, 5200, 5200, 5200, 5200, 5200, 5200, 5200,
	5200, 5200, 5200, 5200, 5200, 5200, 5200, 5200, 5200, 5200, 5200, 5200, 5200, 5200, 5200, 5200, 5200, 5200, 5200, 5200, 5200, 5200, 5200, 5200, 5200, 5200, 5200, 5200, 5200, 5200, 5200, 5200,
	5200, 5200, 5200, 5200, 5200, 5200, 5200, 5200, 5200, 5200, 5200, 5200, 5200, 5200, 5200, 5200, 5200, 5200, 5200, 5200, 5200, 5200, 5200, 5200, 5200, 5200, 5200, 5200, 5200, 5200, 5200, 5200,
	5200, 5200, 5200, 5200, 5200, 5200, 5200, 5200, 5200, 5200, 5200, 5200, 5200, 5200, 5200, 5200, 5200, 5200, 5200, 5200, 5200, 5200, 5200, 5200, 5200, 5200, 5200, 5200, 5200, 5200, 5200, 5200,
	5200, 5200, 5200, 5200, 5200, 5200, 5200, 5200, 5200, 5200, 5200, 5200, 5200, 5200, 5200, 5200, 5200, 5200, 5200, 5200, 5200, 5200, 5200, 5200, 5200, 5200, 5200, 5200, 5200, 5200, 5200, 5200,
	5200, 5200, 5200, 5200, 5200, 5200, 5200, 5200, 5200, 5200, 5200, 5200, 5200, 5200, 5200, 5200, 5200, 5200, 5200, 5200, 5200, 5200, 5200, 5200, 5200, 5200, 5200, 5200, 5200, 5200, 5200, 5200,
	5200, 5200, 5200, 5200, 5200, 5200, 5200, 5200, 5200, 5200, 5200, 5200, 5200, 5200, 5200, 5200, 5200, 5200, 5200, 5200, 5200, 5200, 5200, 5200, 5200, 5200, 5200, 5200, 5200, 5200, 5200, 5200,
	5200, 5200, 5200, 5200, 5200, 5200, 5200, 5200, 5200, 5200, 5200, 5200, 5200, 5200, 5200, 5200, 5200, 5200, 5200, 5200, 5200, 5200, 5200, 5200, 5200, 5200, 5200, 5200, 5200, 5200, 5200, 5200,
	5200, 5200, 5200, 5200, 5200, 5200, 5200, 5200, 5200, 5200, 5200, 5200, 5200, 5200, 5200, 5200, 5200, 5200, 5200, 5200, 5200, 5200, 5200, 5200, 5200, 5200, 5200, 5200, 5200, 5200, 5200, 5200,
	5200, 5200, 5200, 5200, 5200, 5200, 5200, 5200, 5200, 5200, 5200, 5200, 5200, 5200, 5200, 5200, 5200, 5200, 5200, 5200, 5200, 5200, 5200, 5200, 5200, 5200, 5200, 5200, 5200, 5200, 5200, 5200,
	5200, 5200, 5200, 5200, 5200, 5200, 5200, 5200, 5200, 5200, 5200, 5200, 5200, 5200, 5200, 5200, 5200, 5200, 5200, 5200, 5200, 5200, 5200, 5200, 5200, 5200, 5200, 5200, 5200, 5200, 5200, 5200,
	5200, 5200, 5200, 5200, 5200, 5200, 5200, 5200, 5200, 5200, 5200, 5200, 5200, 5200, 5200, 5200, 5200, 5200, 5200, 5200, 5200, 5200, 5200, 5200, 5200, 5200, 5200, 5200, 5200, 5200, 5200, 5200,
	5200, 5200, 5200, 5200, 5200, 5200, 5200, 5200, 5200, 5200, 5200, 5200, 5200, 5200, 5200, 5200, 5200, 5200, 5200, 5200, 5200, 5200, 5200, 5200, 5200, 5200, 5200, 5200, 5200, 5200, 5200, 5200,
	5200, 5200, 5200, 5200, 5200, 5200, 5200, 5200, 5200, 5200, 5200, 5200, 5200, 5200, 5200, 5200, 5200, 5200, 5200, 5200, 5200, 5200, 5200, 5200, 5200, 5200, 5200, 5200, 5200, 5200, 5200, 5200,
	5200, 5200, 5200, 5200, 5200, 5200, 5200, 5200, 5200, 5200, 5200, 5200, 5200, 5200, 5200, 5200, 5200, 5200, 5200, 5200, 5200, 5200, 5200, 5200, 5200, 5200, 5200, 5200, 5200, 5200, 5200, 5200,
	5200, 5200, 5200, 5200, 5200, 5200, 5200, 5200, 5200, 5200, 5200, 5200, 5200, 5200, 5200, 5200, 5200, 5200, 5200, 5200, 5200, 5200, 5200, 5200, 5200, 5200, 5200, 5200, 5200, 5200, 5200, 5200,
	5200, 5200, 5200, 5200, 5200, 5200, 5200, 5200, 5200, 5200, 5200, 5200, 5200, 5200, 5200, 5200, 5200, 5200, 5200, 5200, 5200, 5200, 5200, 5200, 5200, 5200, 5200, 5200, 5200, 5200, 5200, 5200,
	5200, 5200, 5200, 5200, 5200, 5200, 5200, 5200, 5200, 5200, 5200, 5200, 5200, 5200, 5200, 5200, 5200, 5200, 5200, 5200, 5200, 5200, 5200, 5200, 5200, 5200, 5200, 5200, 5200, 5200, 5200, 5200,
	5200, 5200, 5200, 5200, 5200, 5200, 5200, 5200, 5200, 5200, 5200, 5200, 5200, 5200, 5200, 5200, 5200, 5200, 5200, 5200, 5200, 5200, 5200, 5200, 5200, 5200, 5200, 5200, 5200, 5200, 5200, 5200,
	5200, 5200, 5200, 5200, 5200, 5200, 5200, 5200, 5200, 5200, 5200, 5200, 5200, 5200, 5200, 5200, 5200, 5200, 5200, 5200, 5200, 5200, 5200, 5200, 5200, 5200, 5200, 5200, 5200, 5200, 5200, 5200,
	5200, 5200, 5200, 5200, 5200, 5200, 5200, 5200, 5200, 5200, 5200, 5200, 5200, 5200, 5200, 5200, 5200, 5200, 5200, 5200, 5200, 5200, 5200, 5200, 5200, 5200, 5200, 5200, 5200, 5200, 5200, 5200,
	5200, 5200, 5200, 5200, 5200, 5200, 5200, 5200, 5200, 5200, 5200, 5200, 5200, 5200, 5200, 5200, 5200, 5200, 5200, 5200, 5200, 5200, 5200, 5200, 5200, 5200, 5200, 5200, 5200, 5200, 5200, 5200,
	5200, 5200, 5200, 5200, 5200, 5200, 5200, 5200, 5200, 5200, 5200, 5200, 5200, 5200, 5200, 5200, 5200, 5200, 5200, 5200, 5200, 5200, 5200, 5200, 5200, 5200, 5200, 5200, 5200, 5200, 5200, 5200,
	5200, 5200, 5200, 5200, 5200, 5200, 5200, 5200, 5200, 5200, 5200, 5200, 5200, 5200, 5200, 5200, 5200, 5200, 5200, 5200, 5200, 5200, 5200, 5200, 5200, 5200, 5200, 5200, 5200, 5200, 5200, 5200,
	5200, 5200, 5200, 5200, 5200, 5200, 5200, 5200, 5200, 5200, 5200, 5200, 5200, 5200, 5200, 5200, 5200, 5200, 5200, 5200, 5200, 5200, 5200, 5200, 5200, 5200, 5200, 5200, 5200, 5200, 5200, 5200,
	5200, 5200, 5200, 5200, 5200, 5200, 5200, 5200, 5200, 5200, 5200, 5200, 5200, 5200, 5200, 5200, 5200, 5200, 5200, 5200, 5200, 5200, 5200, 5200, 5200, 5200, 5200, 5200, 5200, 5200, 5200, 5200,
	5200, 5200, 5200, 5200, 5200, 5200, 5200, 5200, 5200, 5200, 5200, 5200, 5200, 5200, 5200, 5200, 5200, 5200, 5200, 5200, 5200, 5200, 5200, 5200, 5200, 5200, 5200, 5200, 5200, 5200, 5200, 5200,
	5200, 5200, 5200, 5200, 5200, 5200, 5200, 5200, 5200, 5200, 5200, 5200, 5200, 5200, 5200, 5200, 5200, 5200, 5200, 5200, 5200, 5200, 5200, 5200, 5200, 5200, 5200, 5200, 5200, 5200, 5200, 5200,
	5200, 5200, 5200, 5200, 5200, 5200, 5200, 5200, 5200, 5200, 5200, 5200, 5200, 5200, 5200, 5200, 5200, 5200, 5200, 5200, 5200, 5200, 5200, 5200, 5200, 5200, 5200, 5200, 5200, 5200, 5200, 5200,
	5200, 5200, 5200, 5200, 5200, 5200, 5200, 5200, 5200, 5200, 5200, 5200, 5200, 5200, 5200, 5200, 5200, 5200, 5200, 5200, 5200, 5200, 5200, 5200, 5200, 5200, 5200, 5200, 5200, 5200, 5200, 5200,
	5200, 5200, 5200, 5200, 5200, 5200, 5200, 5200, 5200, 5200, 5200, 5200, 5200, 5200, 5200, 5200, 5200, 5200, 5200, 5200, 5200, 5200, 5200, 5200, 5200, 5200, 5200, 5200, 5200, 5200, 5200, 5200,
	5200, 5200, 5200, 5200, 5200, 5200, 5200, 5200, 5200, 5200, 5200, 5200, 5200, 5200, 5200, 5200, 5200, 5200, 5200, 5200, 5200, 5200, 5200, 5200, 5200, 5200, 5200, 5200, 5200, 5200, 5200, 5200,
}
DOZE2_M2_Lower = {
	2200, 2200, 2200, 2200, 2200, 2200, 2200, 2200, 2200, 2200, 2200, 2200, 2200, 2200, 2200, 2200, 2200, 2200, 2200, 2200, 2200, 2200, 2200, 2200, 2200, 2200, 2200, 2200, 2200, 2200, 2200, 2200,
	2200, 2200, 2200, 2200, 2200, 2200, 2200, 2200, 2200, 2200, 2200, 2200, 2200, 2200, 2200, 2200, 2200, 2200, 2200, 2200, 2200, 2200, 2200, 2200, 2200, 2200, 2200, 2200, 2200, 2200, 2200, 2200,
	2200, 2200, 2200, 2200, 2200, 2200, 2200, 2200, 2200, 2200, 2200, 2200, 2200, 2200, 2200, 2200, 2200, 2200, 2200, 2200, 2200, 2200, 2200, 2200, 2200, 2200, 2200, 2200, 2200, 2200, 2200, 2200,
	2200, 2200, 2200, 2200, 2200, 2200, 2200, 2200, 2200, 2200, 2200, 2200, 2200, 2200, 2200, 2200, 2200, 2200, 2200, 2200, 2200, 2200, 2200, 2200, 2200, 2200, 2200, 2200, 2200, 2200, 2200, 2200,
	2200, 2200, 2200, 2200, 2200, 2200, 2200, 2200, 2200, 2200, 2200, 2200, 2200, 2200, 2200, 2200, 2200, 2200, 2200, 2200, 2200, 2200, 2200, 2200, 2200, 2200, 2200, 2200, 2200, 2200, 2200, 2200,
	2200, 2200, 2200, 2200, 2200, 2200, 2200, 2200, 2200, 2200, 2200, 2200, 2200, 2200, 2200, 2200, 2200, 2200, 2200, 2200, 2200, 2200, 2200, 2200, 2200, 2200, 2200, 2200, 2200, 2200, 2200, 2200,
	2200, 2200, 2200, 2200, 2200, 2200, 2200, 2200, 2200, 2200, 2200, 2200, 2200, 2200, 2200, 2200, 2200, 2200, 2200, 2200, 2200, 2200, 2200, 2200, 2200, 2200, 2200, 2200, 2200, 2200, 2200, 2200,
	2200, 2200, 2200, 2200, 2200, 2200, 2200, 2200, 2200, 2200, 2200, 2200, 2200, 2200, 2200, 2200, 2200, 2200, 2200, 2200, 2200, 2200, 2200, 2200, 2200, 2200, 2200, 2200, 2200, 2200, 2200, 2200,
	2200, 2200, 2200, 2200, 2200, 2200, 2200, 2200, 2200, 2200, 2200, 2200, 2200, 2200, 2200, 2200, 2200, 2200, 2200, 2200, 2200, 2200, 2200, 2200, 2200, 2200, 2200, 2200, 2200, 2200, 2200, 2200,
	2200, 2200, 2200, 2200, 2200, 2200, 2200, 2200, 2200, 2200, 2200, 2200, 2200, 2200, 2200, 2200, 2200, 2200, 2200, 2200, 2200, 2200, 2200, 2200, 2200, 2200, 2200, 2200, 2200, 2200, 2200, 2200,
	2200, 2200, 2200, 2200, 2200, 2200, 2200, 2200, 2200, 2200, 2200, 2200, 2200, 2200, 2200, 2200, 2200, 2200, 2200, 2200, 2200, 2200, 2200, 2200, 2200, 2200, 2200, 2200, 2200, 2200, 2200, 2200,
	2200, 2200, 2200, 2200, 2200, 2200, 2200, 2200, 2200, 2200, 2200, 2200, 2200, 2200, 2200, 2200, 2200, 2200, 2200, 2200, 2200, 2200, 2200, 2200, 2200, 2200, 2200, 2200, 2200, 2200, 2200, 2200,
	2200, 2200, 2200, 2200, 2200, 2200, 2200, 2200, 2200, 2200, 2200, 2200, 2200, 2200, 2200, 2200, 2200, 2200, 2200, 2200, 2200, 2200, 2200, 2200, 2200, 2200, 2200, 2200, 2200, 2200, 2200, 2200,
	2200, 2200, 2200, 2200, 2200, 2200, 2200, 2200, 2200, 2200, 2200, 2200, 2200, 2200, 2200, 2200, 2200, 2200, 2200, 2200, 2200, 2200, 2200, 2200, 2200, 2200, 2200, 2200, 2200, 2200, 2200, 2200,
	2200, 2200, 2200, 2200, 2200, 2200, 2200, 2200, 2200, 2200, 2200, 2200, 2200, 2200, 2200, 2200, 2200, 2200, 2200, 2200, 2200, 2200, 2200, 2200, 2200, 2200, 2200, 2200, 2200, 2200, 2200, 2200,
	2200, 2200, 2200, 2200, 2200, 2200, 2200, 2200, 2200, 2200, 2200, 2200, 2200, 2200, 2200, 2200, 2200, 2200, 2200, 2200, 2200, 2200, 2200, 2200, 2200, 2200, 2200, 2200, 2200, 2200, 2200, 2200,
	2200, 2200, 2200, 2200, 2200, 2200, 2200, 2200, 2200, 2200, 2200, 2200, 2200, 2200, 2200, 2200, 2200, 2200, 2200, 2200, 2200, 2200, 2200, 2200, 2200, 2200, 2200, 2200, 2200, 2200, 2200, 2200,
	2200, 2200, 2200, 2200, 2200, 2200, 2200, 2200, 2200, 2200, 2200, 2200, 2200, 2200, 2200, 2200, 2200, 2200, 2200, 2200, 2200, 2200, 2200, 2200, 2200, 2200, 2200, 2200, 2200, 2200, 2200, 2200,
	2200, 2200, 2200, 2200, 2200, 2200, 2200, 2200, 2200, 2200, 2200, 2200, 2200, 2200, 2200, 2200, 2200, 2200, 2200, 2200, 2200, 2200, 2200, 2200, 2200, 2200, 2200, 2200, 2200, 2200, 2200, 2200,
	2200, 2200, 2200, 2200, 2200, 2200, 2200, 2200, 2200, 2200, 2200, 2200, 2200, 2200, 2200, 2200, 2200, 2200, 2200, 2200, 2200, 2200, 2200, 2200, 2200, 2200, 2200, 2200, 2200, 2200, 2200, 2200,
	2200, 2200, 2200, 2200, 2200, 2200, 2200, 2200, 2200, 2200, 2200, 2200, 2200, 2200, 2200, 2200, 2200, 2200, 2200, 2200, 2200, 2200, 2200, 2200, 2200, 2200, 2200, 2200, 2200, 2200, 2200, 2200,
	2200, 2200, 2200, 2200, 2200, 2200, 2200, 2200, 2200, 2200, 2200, 2200, 2200, 2200, 2200, 2200, 2200, 2200, 2200, 2200, 2200, 2200, 2200, 2200, 2200, 2200, 2200, 2200, 2200, 2200, 2200, 2200,
	2200, 2200, 2200, 2200, 2200, 2200, 2200, 2200, 2200, 2200, 2200, 2200, 2200, 2200, 2200, 2200, 2200, 2200, 2200, 2200, 2200, 2200, 2200, 2200, 2200, 2200, 2200, 2200, 2200, 2200, 2200, 2200,
	2200, 2200, 2200, 2200, 2200, 2200, 2200, 2200, 2200, 2200, 2200, 2200, 2200, 2200, 2200, 2200, 2200, 2200, 2200, 2200, 2200, 2200, 2200, 2200, 2200, 2200, 2200, 2200, 2200, 2200, 2200, 2200,
	2200, 2200, 2200, 2200, 2200, 2200, 2200, 2200, 2200, 2200, 2200, 2200, 2200, 2200, 2200, 2200, 2200, 2200, 2200, 2200, 2200, 2200, 2200, 2200, 2200, 2200, 2200, 2200, 2200, 2200, 2200, 2200,
	2200, 2200, 2200, 2200, 2200, 2200, 2200, 2200, 2200, 2200, 2200, 2200, 2200, 2200, 2200, 2200, 2200, 2200, 2200, 2200, 2200, 2200, 2200, 2200, 2200, 2200, 2200, 2200, 2200, 2200, 2200, 2200,
	2200, 2200, 2200, 2200, 2200, 2200, 2200, 2200, 2200, 2200, 2200, 2200, 2200, 2200, 2200, 2200, 2200, 2200, 2200, 2200, 2200, 2200, 2200, 2200, 2200, 2200, 2200, 2200, 2200, 2200, 2200, 2200,
	2200, 2200, 2200, 2200, 2200, 2200, 2200, 2200, 2200, 2200, 2200, 2200, 2200, 2200, 2200, 2200, 2200, 2200, 2200, 2200, 2200, 2200, 2200, 2200, 2200, 2200, 2200, 2200, 2200, 2200, 2200, 2200,
	2200, 2200, 2200, 2200, 2200, 2200, 2200, 2200, 2200, 2200, 2200, 2200, 2200, 2200, 2200, 2200, 2200, 2200, 2200, 2200, 2200, 2200, 2200, 2200, 2200, 2200, 2200, 2200, 2200, 2200, 2200, 2200,
	2200, 2200, 2200, 2200, 2200, 2200, 2200, 2200, 2200, 2200, 2200, 2200, 2200, 2200, 2200, 2200, 2200, 2200, 2200, 2200, 2200, 2200, 2200, 2200, 2200, 2200, 2200, 2200, 2200, 2200, 2200, 2200,
	2200, 2200, 2200, 2200, 2200, 2200, 2200, 2200, 2200, 2200, 2200, 2200, 2200, 2200, 2200, 2200, 2200, 2200, 2200, 2200, 2200, 2200, 2200, 2200, 2200, 2200, 2200, 2200, 2200, 2200, 2200, 2200,
	2200, 2200, 2200, 2200, 2200, 2200, 2200, 2200, 2200, 2200, 2200, 2200, 2200, 2200, 2200, 2200, 2200, 2200, 2200, 2200, 2200, 2200, 2200, 2200, 2200, 2200, 2200, 2200, 2200, 2200, 2200, 2200,
}
DOZE2_M2_Upper = {
	5800, 5800, 5800, 5800, 5800, 5800, 5800, 5800, 5800, 5800, 5800, 5800, 5800, 5800, 5800, 5800, 5800, 5800, 5800, 5800, 5800, 5800, 5800, 5800, 5800, 5800, 5800, 5800, 5800, 5800, 5800, 5800,
	5800, 5800, 5800, 5800, 5800, 5800, 5800, 5800, 5800, 5800, 5800, 5800, 5800, 5800, 5800, 5800, 5800, 5800, 5800, 5800, 5800, 5800, 5800, 5800, 5800, 5800, 5800, 5800, 5800, 5800, 5800, 5800,
	5800, 5800, 5800, 5800, 5800, 5800, 5800, 5800, 5800, 5800, 5800, 5800, 5800, 5800, 5800, 5800, 5800, 5800, 5800, 5800, 5800, 5800, 5800, 5800, 5800, 5800, 5800, 5800, 5800, 5800, 5800, 5800,
	5800, 5800, 5800, 5800, 5800, 5800, 5800, 5800, 5800, 5800, 5800, 5800, 5800, 5800, 5800, 5800, 5800, 5800, 5800, 5800, 5800, 5800, 5800, 5800, 5800, 5800, 5800, 5800, 5800, 5800, 5800, 5800,
	5800, 5800, 5800, 5800, 5800, 5800, 5800, 5800, 5800, 5800, 5800, 5800, 5800, 5800, 5800, 5800, 5800, 5800, 5800, 5800, 5800, 5800, 5800, 5800, 5800, 5800, 5800, 5800, 5800, 5800, 5800, 5800,
	5800, 5800, 5800, 5800, 5800, 5800, 5800, 5800, 5800, 5800, 5800, 5800, 5800, 5800, 5800, 5800, 5800, 5800, 5800, 5800, 5800, 5800, 5800, 5800, 5800, 5800, 5800, 5800, 5800, 5800, 5800, 5800,
	5800, 5800, 5800, 5800, 5800, 5800, 5800, 5800, 5800, 5800, 5800, 5800, 5800, 5800, 5800, 5800, 5800, 5800, 5800, 5800, 5800, 5800, 5800, 5800, 5800, 5800, 5800, 5800, 5800, 5800, 5800, 5800,
	5800, 5800, 5800, 5800, 5800, 5800, 5800, 5800, 5800, 5800, 5800, 5800, 5800, 5800, 5800, 5800, 5800, 5800, 5800, 5800, 5800, 5800, 5800, 5800, 5800, 5800, 5800, 5800, 5800, 5800, 5800, 5800,
	5800, 5800, 5800, 5800, 5800, 5800, 5800, 5800, 5800, 5800, 5800, 5800, 5800, 5800, 5800, 5800, 5800, 5800, 5800, 5800, 5800, 5800, 5800, 5800, 5800, 5800, 5800, 5800, 5800, 5800, 5800, 5800,
	5800, 5800, 5800, 5800, 5800, 5800, 5800, 5800, 5800, 5800, 5800, 5800, 5800, 5800, 5800, 5800, 5800, 5800, 5800, 5800, 5800, 5800, 5800, 5800, 5800, 5800, 5800, 5800, 5800, 5800, 5800, 5800,
	5800, 5800, 5800, 5800, 5800, 5800, 5800, 5800, 5800, 5800, 5800, 5800, 5800, 5800, 5800, 5800, 5800, 5800, 5800, 5800, 5800, 5800, 5800, 5800, 5800, 5800, 5800, 5800, 5800, 5800, 5800, 5800,
	5800, 5800, 5800, 5800, 5800, 5800, 5800, 5800, 5800, 5800, 5800, 5800, 5800, 5800, 5800, 5800, 5800, 5800, 5800, 5800, 5800, 5800, 5800, 5800, 5800, 5800, 5800, 5800, 5800, 5800, 5800, 5800,
	5800, 5800, 5800, 5800, 5800, 5800, 5800, 5800, 5800, 5800, 5800, 5800, 5800, 5800, 5800, 5800, 5800, 5800, 5800, 5800, 5800, 5800, 5800, 5800, 5800, 5800, 5800, 5800, 5800, 5800, 5800, 5800,
	5800, 5800, 5800, 5800, 5800, 5800, 5800, 5800, 5800, 5800, 5800, 5800, 5800, 5800, 5800, 5800, 5800, 5800, 5800, 5800, 5800, 5800, 5800, 5800, 5800, 5800, 5800, 5800, 5800, 5800, 5800, 5800,
	5800, 5800, 5800, 5800, 5800, 5800, 5800, 5800, 5800, 5800, 5800, 5800, 5800, 5800, 5800, 5800, 5800, 5800, 5800, 5800, 5800, 5800, 5800, 5800, 5800, 5800, 5800, 5800, 5800, 5800, 5800, 5800,
	5800, 5800, 5800, 5800, 5800, 5800, 5800, 5800, 5800, 5800, 5800, 5800, 5800, 5800, 5800, 5800, 5800, 5800, 5800, 5800, 5800, 5800, 5800, 5800, 5800, 5800, 5800, 5800, 5800, 5800, 5800, 5800,
	5800, 5800, 5800, 5800, 5800, 5800, 5800, 5800, 5800, 5800, 5800, 5800, 5800, 5800, 5800, 5800, 5800, 5800, 5800, 5800, 5800, 5800, 5800, 5800, 5800, 5800, 5800, 5800, 5800, 5800, 5800, 5800,
	5800, 5800, 5800, 5800, 5800, 5800, 5800, 5800, 5800, 5800, 5800, 5800, 5800, 5800, 5800, 5800, 5800, 5800, 5800, 5800, 5800, 5800, 5800, 5800, 5800, 5800, 5800, 5800, 5800, 5800, 5800, 5800,
	5800, 5800, 5800, 5800, 5800, 5800, 5800, 5800, 5800, 5800, 5800, 5800, 5800, 5800, 5800, 5800, 5800, 5800, 5800, 5800, 5800, 5800, 5800, 5800, 5800, 5800, 5800, 5800, 5800, 5800, 5800, 5800,
	5800, 5800, 5800, 5800, 5800, 5800, 5800, 5800, 5800, 5800, 5800, 5800, 5800, 5800, 5800, 5800, 5800, 5800, 5800, 5800, 5800, 5800, 5800, 5800, 5800, 5800, 5800, 5800, 5800, 5800, 5800, 5800,
	5800, 5800, 5800, 5800, 5800, 5800, 5800, 5800, 5800, 5800, 5800, 5800, 5800, 5800, 5800, 5800, 5800, 5800, 5800, 5800, 5800, 5800, 5800, 5800, 5800, 5800, 5800, 5800, 5800, 5800, 5800, 5800,
	5800, 5800, 5800, 5800, 5800, 5800, 5800, 5800, 5800, 5800, 5800, 5800, 5800, 5800, 5800, 5800, 5800, 5800, 5800, 5800, 5800, 5800, 5800, 5800, 5800, 5800, 5800, 5800, 5800, 5800, 5800, 5800,
	5800, 5800, 5800, 5800, 5800, 5800, 5800, 5800, 5800, 5800, 5800, 5800, 5800, 5800, 5800, 5800, 5800, 5800, 5800, 5800, 5800, 5800, 5800, 5800, 5800, 5800, 5800, 5800, 5800, 5800, 5800, 5800,
	5800, 5800, 5800, 5800, 5800, 5800, 5800, 5800, 5800, 5800, 5800, 5800, 5800, 5800, 5800, 5800, 5800, 5800, 5800, 5800, 5800, 5800, 5800, 5800, 5800, 5800, 5800, 5800, 5800, 5800, 5800, 5800,
	5800, 5800, 5800, 5800, 5800, 5800, 5800, 5800, 5800, 5800, 5800, 5800, 5800, 5800, 5800, 5800, 5800, 5800, 5800, 5800, 5800, 5800, 5800, 5800, 5800, 5800, 5800, 5800, 5800, 5800, 5800, 5800,
	5800, 5800, 5800, 5800, 5800, 5800, 5800, 5800, 5800, 5800, 5800, 5800, 5800, 5800, 5800, 5800, 5800, 5800, 5800, 5800, 5800, 5800, 5800, 5800, 5800, 5800, 5800, 5800, 5800, 5800, 5800, 5800,
	5800, 5800, 5800, 5800, 5800, 5800, 5800, 5800, 5800, 5800, 5800, 5800, 5800, 5800, 5800, 5800, 5800, 5800, 5800, 5800, 5800, 5800, 5800, 5800, 5800, 5800, 5800, 5800, 5800, 5800, 5800, 5800,
	5800, 5800, 5800, 5800, 5800, 5800, 5800, 5800, 5800, 5800, 5800, 5800, 5800, 5800, 5800, 5800, 5800, 5800, 5800, 5800, 5800, 5800, 5800, 5800, 5800, 5800, 5800, 5800, 5800, 5800, 5800, 5800,
	5800, 5800, 5800, 5800, 5800, 5800, 5800, 5800, 5800, 5800, 5800, 5800, 5800, 5800, 5800, 5800, 5800, 5800, 5800, 5800, 5800, 5800, 5800, 5800, 5800, 5800, 5800, 5800, 5800, 5800, 5800, 5800,
	5800, 5800, 5800, 5800, 5800, 5800, 5800, 5800, 5800, 5800, 5800, 5800, 5800, 5800, 5800, 5800, 5800, 5800, 5800, 5800, 5800, 5800, 5800, 5800, 5800, 5800, 5800, 5800, 5800, 5800, 5800, 5800,
	5800, 5800, 5800, 5800, 5800, 5800, 5800, 5800, 5800, 5800, 5800, 5800, 5800, 5800, 5800, 5800, 5800, 5800, 5800, 5800, 5800, 5800, 5800, 5800, 5800, 5800, 5800, 5800, 5800, 5800, 5800, 5800,
	5800, 5800, 5800, 5800, 5800, 5800, 5800, 5800, 5800, 5800, 5800, 5800, 5800, 5800, 5800, 5800, 5800, 5800, 5800, 5800, 5800, 5800, 5800, 5800, 5800, 5800, 5800, 5800, 5800, 5800, 5800, 5800,
}
DOZE2_M1_Lower = {
	700, 700, 700, 700, 700, 700, 700, 700, 700, 700, 700, 700, 700, 700, 700, 700, 700, 700, 700, 700, 700, 700, 700, 700, 700, 700, 700, 700, 700, 700, 700, 700,
	700, 700, 700, 700, 700, 700, 700, 700, 700, 700, 700, 700, 700, 700, 700, 700, 700, 700, 700, 700, 700, 700, 700, 700, 700, 700, 700, 700, 700, 700, 700, 700,
	700, 700, 700, 700, 700, 700, 700, 700, 700, 700, 700, 700, 700, 700, 700, 700, 700, 700, 700, 700, 700, 700, 700, 700, 700, 700, 700, 700, 700, 700, 700, 700,
	700, 700, 700, 700, 700, 700, 700, 700, 700, 700, 700, 700, 700, 700, 700, 700, 700, 700, 700, 700, 700, 700, 700, 700, 700, 700, 700, 700, 700, 700, 700, 700,
	700, 700, 700, 700, 700, 700, 700, 700, 700, 700, 700, 700, 700, 700, 700, 700, 700, 700, 700, 700, 700, 700, 700, 700, 700, 700, 700, 700, 700, 700, 700, 700,
	700, 700, 700, 700, 700, 700, 700, 700, 700, 700, 700, 700, 700, 700, 700, 700, 700, 700, 700, 700, 700, 700, 700, 700, 700, 700, 700, 700, 700, 700, 700, 700,
	700, 700, 700, 700, 700, 700, 700, 700, 700, 700, 700, 700, 700, 700, 700, 700, 700, 700, 700, 700, 700, 700, 700, 700, 700, 700, 700, 700, 700, 700, 700, 700,
	700, 700, 700, 700, 700, 700, 700, 700, 700, 700, 700, 700, 700, 700, 700, 700, 700, 700, 700, 700, 700, 700, 700, 700, 700, 700, 700, 700, 700, 700, 700, 700,
	700, 700, 700, 700, 700, 700, 700, 700, 700, 700, 700, 700, 700, 700, 700, 700, 700, 700, 700, 700, 700, 700, 700, 700, 700, 700, 700, 700, 700, 700, 700, 700,
	700, 700, 700, 700, 700, 700, 700, 700, 700, 700, 700, 700, 700, 700, 700, 700, 700, 700, 700, 700, 700, 700, 700, 700, 700, 700, 700, 700, 700, 700, 700, 700,
	700, 700, 700, 700, 700, 700, 700, 700, 700, 700, 700, 700, 700, 700, 700, 700, 700, 700, 700, 700, 700, 700, 700, 700, 700, 700, 700, 700, 700, 700, 700, 700,
	700, 700, 700, 700, 700, 700, 700, 700, 700, 700, 700, 700, 700, 700, 700, 700, 700, 700, 700, 700, 700, 700, 700, 700, 700, 700, 700, 700, 700, 700, 700, 700,
	700, 700, 700, 700, 700, 700, 700, 700, 700, 700, 700, 700, 700, 700, 700, 700, 700, 700, 700, 700, 700, 700, 700, 700, 700, 700, 700, 700, 700, 700, 700, 700,
	700, 700, 700, 700, 700, 700, 700, 700, 700, 700, 700, 700, 700, 700, 700, 700, 700, 700, 700, 700, 700, 700, 700, 700, 700, 700, 700, 700, 700, 700, 700, 700,
	700, 700, 700, 700, 700, 700, 700, 700, 700, 700, 700, 700, 700, 700, 700, 700, 700, 700, 700, 700, 700, 700, 700, 700, 700, 700, 700, 700, 700, 700, 700, 700,
	700, 700, 700, 700, 700, 700, 700, 700, 700, 700, 700, 700, 700, 700, 700, 700, 700, 700, 700, 700, 700, 700, 700, 700, 700, 700, 700, 700, 700, 700, 700, 700,
	700, 700, 700, 700, 700, 700, 700, 700, 700, 700, 700, 700, 700, 700, 700, 700, 700, 700, 700, 700, 700, 700, 700, 700, 700, 700, 700, 700, 700, 700, 700, 700,
	700, 700, 700, 700, 700, 700, 700, 700, 700, 700, 700, 700, 700, 700, 700, 700, 700, 700, 700, 700, 700, 700, 700, 700, 700, 700, 700, 700, 700, 700, 700, 700,
	700, 700, 700, 700, 700, 700, 700, 700, 700, 700, 700, 700, 700, 700, 700, 700, 700, 700, 700, 700, 700, 700, 700, 700, 700, 700, 700, 700, 700, 700, 700, 700,
	700, 700, 700, 700, 700, 700, 700, 700, 700, 700, 700, 700, 700, 700, 700, 700, 700, 700, 700, 700, 700, 700, 700, 700, 700, 700, 700, 700, 700, 700, 700, 700,
	700, 700, 700, 700, 700, 700, 700, 700, 700, 700, 700, 700, 700, 700, 700, 700, 700, 700, 700, 700, 700, 700, 700, 700, 700, 700, 700, 700, 700, 700, 700, 700,
	700, 700, 700, 700, 700, 700, 700, 700, 700, 700, 700, 700, 700, 700, 700, 700, 700, 700, 700, 700, 700, 700, 700, 700, 700, 700, 700, 700, 700, 700, 700, 700,
	700, 700, 700, 700, 700, 700, 700, 700, 700, 700, 700, 700, 700, 700, 700, 700, 700, 700, 700, 700, 700, 700, 700, 700, 700, 700, 700, 700, 700, 700, 700, 700,
	700, 700, 700, 700, 700, 700, 700, 700, 700, 700, 700, 700, 700, 700, 700, 700, 700, 700, 700, 700, 700, 700, 700, 700, 700, 700, 700, 700, 700, 700, 700, 700,
	700, 700, 700, 700, 700, 700, 700, 700, 700, 700, 700, 700, 700, 700, 700, 700, 700, 700, 700, 700, 700, 700, 700, 700, 700, 700, 700, 700, 700, 700, 700, 700,
	700, 700, 700, 700, 700, 700, 700, 700, 700, 700, 700, 700, 700, 700, 700, 700, 700, 700, 700, 700, 700, 700, 700, 700, 700, 700, 700, 700, 700, 700, 700, 700,
	700, 700, 700, 700, 700, 700, 700, 700, 700, 700, 700, 700, 700, 700, 700, 700, 700, 700, 700, 700, 700, 700, 700, 700, 700, 700, 700, 700, 700, 700, 700, 700,
	700, 700, 700, 700, 700, 700, 700, 700, 700, 700, 700, 700, 700, 700, 700, 700, 700, 700, 700, 700, 700, 700, 700, 700, 700, 700, 700, 700, 700, 700, 700, 700,
	700, 700, 700, 700, 700, 700, 700, 700, 700, 700, 700, 700, 700, 700, 700, 700, 700, 700, 700, 700, 700, 700, 700, 700, 700, 700, 700, 700, 700, 700, 700, 700,
	700, 700, 700, 700, 700, 700, 700, 700, 700, 700, 700, 700, 700, 700, 700, 700, 700, 700, 700, 700, 700, 700, 700, 700, 700, 700, 700, 700, 700, 700, 700, 700,
	700, 700, 700, 700, 700, 700, 700, 700, 700, 700, 700, 700, 700, 700, 700, 700, 700, 700, 700, 700, 700, 700, 700, 700, 700, 700, 700, 700, 700, 700, 700, 700,
	700, 700, 700, 700, 700, 700, 700, 700, 700, 700, 700, 700, 700, 700, 700, 700, 700, 700, 700, 700, 700, 700, 700, 700, 700, 700, 700, 700, 700, 700, 700, 700,
}
DOZE2_M1_Upper = {
	1300, 1300, 1300, 1300, 1300, 1300, 1300, 1300, 1300, 1300, 1300, 1300, 1300, 1300, 1300, 1300, 1300, 1300, 1300, 1300, 1300, 1300, 1300, 1300, 1300, 1300, 1300, 1300, 1300, 1300, 1300, 1300,
	1300, 1300, 1300, 1300, 1300, 1300, 1300, 1300, 1300, 1300, 1300, 1300, 1300, 1300, 1300, 1300, 1300, 1300, 1300, 1300, 1300, 1300, 1300, 1300, 1300, 1300, 1300, 1300, 1300, 1300, 1300, 1300,
	1300, 1300, 1300, 1300, 1300, 1300, 1300, 1300, 1300, 1300, 1300, 1300, 1300, 1300, 1300, 1300, 1300, 1300, 1300, 1300, 1300, 1300, 1300, 1300, 1300, 1300, 1300, 1300, 1300, 1300, 1300, 1300,
	1300, 1300, 1300, 1300, 1300, 1300, 1300, 1300, 1300, 1300, 1300, 1300, 1300, 1300, 1300, 1300, 1300, 1300, 1300, 1300, 1300, 1300, 1300, 1300, 1300, 1300, 1300, 1300, 1300, 1300, 1300, 1300,
	1300, 1300, 1300, 1300, 1300, 1300, 1300, 1300, 1300, 1300, 1300, 1300, 1300, 1300, 1300, 1300, 1300, 1300, 1300, 1300, 1300, 1300, 1300, 1300, 1300, 1300, 1300, 1300, 1300, 1300, 1300, 1300,
	1300, 1300, 1300, 1300, 1300, 1300, 1300, 1300, 1300, 1300, 1300, 1300, 1300, 1300, 1300, 1300, 1300, 1300, 1300, 1300, 1300, 1300, 1300, 1300, 1300, 1300, 1300, 1300, 1300, 1300, 1300, 1300,
	1300, 1300, 1300, 1300, 1300, 1300, 1300, 1300, 1300, 1300, 1300, 1300, 1300, 1300, 1300, 1300, 1300, 1300, 1300, 1300, 1300, 1300, 1300, 1300, 1300, 1300, 1300, 1300, 1300, 1300, 1300, 1300,
	1300, 1300, 1300, 1300, 1300, 1300, 1300, 1300, 1300, 1300, 1300, 1300, 1300, 1300, 1300, 1300, 1300, 1300, 1300, 1300, 1300, 1300, 1300, 1300, 1300, 1300, 1300, 1300, 1300, 1300, 1300, 1300,
	1300, 1300, 1300, 1300, 1300, 1300, 1300, 1300, 1300, 1300, 1300, 1300, 1300, 1300, 1300, 1300, 1300, 1300, 1300, 1300, 1300, 1300, 1300, 1300, 1300, 1300, 1300, 1300, 1300, 1300, 1300, 1300,
	1300, 1300, 1300, 1300, 1300, 1300, 1300, 1300, 1300, 1300, 1300, 1300, 1300, 1300, 1300, 1300, 1300, 1300, 1300, 1300, 1300, 1300, 1300, 1300, 1300, 1300, 1300, 1300, 1300, 1300, 1300, 1300,
	1300, 1300, 1300, 1300, 1300, 1300, 1300, 1300, 1300, 1300, 1300, 1300, 1300, 1300, 1300, 1300, 1300, 1300, 1300, 1300, 1300, 1300, 1300, 1300, 1300, 1300, 1300, 1300, 1300, 1300, 1300, 1300,
	1300, 1300, 1300, 1300, 1300, 1300, 1300, 1300, 1300, 1300, 1300, 1300, 1300, 1300, 1300, 1300, 1300, 1300, 1300, 1300, 1300, 1300, 1300, 1300, 1300, 1300, 1300, 1300, 1300, 1300, 1300, 1300,
	1300, 1300, 1300, 1300, 1300, 1300, 1300, 1300, 1300, 1300, 1300, 1300, 1300, 1300, 1300, 1300, 1300, 1300, 1300, 1300, 1300, 1300, 1300, 1300, 1300, 1300, 1300, 1300, 1300, 1300, 1300, 1300,
	1300, 1300, 1300, 1300, 1300, 1300, 1300, 1300, 1300, 1300, 1300, 1300, 1300, 1300, 1300, 1300, 1300, 1300, 1300, 1300, 1300, 1300, 1300, 1300, 1300, 1300, 1300, 1300, 1300, 1300, 1300, 1300,
	1300, 1300, 1300, 1300, 1300, 1300, 1300, 1300, 1300, 1300, 1300, 1300, 1300, 1300, 1300, 1300, 1300, 1300, 1300, 1300, 1300, 1300, 1300, 1300, 1300, 1300, 1300, 1300, 1300, 1300, 1300, 1300,
	1300, 1300, 1300, 1300, 1300, 1300, 1300, 1300, 1300, 1300, 1300, 1300, 1300, 1300, 1300, 1300, 1300, 1300, 1300, 1300, 1300, 1300, 1300, 1300, 1300, 1300, 1300, 1300, 1300, 1300, 1300, 1300,
	1300, 1300, 1300, 1300, 1300, 1300, 1300, 1300, 1300, 1300, 1300, 1300, 1300, 1300, 1300, 1300, 1300, 1300, 1300, 1300, 1300, 1300, 1300, 1300, 1300, 1300, 1300, 1300, 1300, 1300, 1300, 1300,
	1300, 1300, 1300, 1300, 1300, 1300, 1300, 1300, 1300, 1300, 1300, 1300, 1300, 1300, 1300, 1300, 1300, 1300, 1300, 1300, 1300, 1300, 1300, 1300, 1300, 1300, 1300, 1300, 1300, 1300, 1300, 1300,
	1300, 1300, 1300, 1300, 1300, 1300, 1300, 1300, 1300, 1300, 1300, 1300, 1300, 1300, 1300, 1300, 1300, 1300, 1300, 1300, 1300, 1300, 1300, 1300, 1300, 1300, 1300, 1300, 1300, 1300, 1300, 1300,
	1300, 1300, 1300, 1300, 1300, 1300, 1300, 1300, 1300, 1300, 1300, 1300, 1300, 1300, 1300, 1300, 1300, 1300, 1300, 1300, 1300, 1300, 1300, 1300, 1300, 1300, 1300, 1300, 1300, 1300, 1300, 1300,
	1300, 1300, 1300, 1300, 1300, 1300, 1300, 1300, 1300, 1300, 1300, 1300, 1300, 1300, 1300, 1300, 1300, 1300, 1300, 1300, 1300, 1300, 1300, 1300, 1300, 1300, 1300, 1300, 1300, 1300, 1300, 1300,
	1300, 1300, 1300, 1300, 1300, 1300, 1300, 1300, 1300, 1300, 1300, 1300, 1300, 1300, 1300, 1300, 1300, 1300, 1300, 1300, 1300, 1300, 1300, 1300, 1300, 1300, 1300, 1300, 1300, 1300, 1300, 1300,
	1300, 1300, 1300, 1300, 1300, 1300, 1300, 1300, 1300, 1300, 1300, 1300, 1300, 1300, 1300, 1300, 1300, 1300, 1300, 1300, 1300, 1300, 1300, 1300, 1300, 1300, 1300, 1300, 1300, 1300, 1300, 1300,
	1300, 1300, 1300, 1300, 1300, 1300, 1300, 1300, 1300, 1300, 1300, 1300, 1300, 1300, 1300, 1300, 1300, 1300, 1300, 1300, 1300, 1300, 1300, 1300, 1300, 1300, 1300, 1300, 1300, 1300, 1300, 1300,
	1300, 1300, 1300, 1300, 1300, 1300, 1300, 1300, 1300, 1300, 1300, 1300, 1300, 1300, 1300, 1300, 1300, 1300, 1300, 1300, 1300, 1300, 1300, 1300, 1300, 1300, 1300, 1300, 1300, 1300, 1300, 1300,
	1300, 1300, 1300, 1300, 1300, 1300, 1300, 1300, 1300, 1300, 1300, 1300, 1300, 1300, 1300, 1300, 1300, 1300, 1300, 1300, 1300, 1300, 1300, 1300, 1300, 1300, 1300, 1300, 1300, 1300, 1300, 1300,
	1300, 1300, 1300, 1300, 1300, 1300, 1300, 1300, 1300, 1300, 1300, 1300, 1300, 1300, 1300, 1300, 1300, 1300, 1300, 1300, 1300, 1300, 1300, 1300, 1300, 1300, 1300, 1300, 1300, 1300, 1300, 1300,
	1300, 1300, 1300, 1300, 1300, 1300, 1300, 1300, 1300, 1300, 1300, 1300, 1300, 1300, 1300, 1300, 1300, 1300, 1300, 1300, 1300, 1300, 1300, 1300, 1300, 1300, 1300, 1300, 1300, 1300, 1300, 1300,
	1300, 1300, 1300, 1300, 1300, 1300, 1300, 1300, 1300, 1300, 1300, 1300, 1300, 1300, 1300, 1300, 1300, 1300, 1300, 1300, 1300, 1300, 1300, 1300, 1300, 1300, 1300, 1300, 1300, 1300, 1300, 1300,
	1300, 1300, 1300, 1300, 1300, 1300, 1300, 1300, 1300, 1300, 1300, 1300, 1300, 1300, 1300, 1300, 1300, 1300, 1300, 1300, 1300, 1300, 1300, 1300, 1300, 1300, 1300, 1300, 1300, 1300, 1300, 1300,
	1300, 1300, 1300, 1300, 1300, 1300, 1300, 1300, 1300, 1300, 1300, 1300, 1300, 1300, 1300, 1300, 1300, 1300, 1300, 1300, 1300, 1300, 1300, 1300, 1300, 1300, 1300, 1300, 1300, 1300, 1300, 1300,
	1300, 1300, 1300, 1300, 1300, 1300, 1300, 1300, 1300, 1300, 1300, 1300, 1300, 1300, 1300, 1300, 1300, 1300, 1300, 1300, 1300, 1300, 1300, 1300, 1300, 1300, 1300, 1300, 1300, 1300, 1300, 1300,
}
