DOZE1_M2_Lower = {
	3100, 3100, 3100, 3100, 3100, 3100, 3100, 3100, 3100, 3100, 3100, 3100, 3100, 3100, 3100, 3100, 3100, 3100, 3100, 3100, 3100, 3100, 3100, 3100, 3100, 3100, 3100, 3100, 3100, 3100, 3100, 3100,
	3100, 3100, 3100, 3100, 3100, 3100, 3100, 3100, 3100, 3100, 3100, 3100, 3100, 3100, 3100, 3100, 3100, 3100, 3100, 3100, 3100, 3100, 3100, 3100, 3100, 3100, 3100, 3100, 3100, 3100, 3100, 3100,
	3100, 3100, 3100, 3100, 3100, 3100, 3100, 3100, 3100, 3100, 3100, 3100, 3100, 3100, 3100, 3100, 3100, 3100, 3100, 3100, 3100, 3100, 3100, 3100, 3100, 3100, 3100, 3100, 3100, 3100, 3100, 3100,
	3100, 3100, 3100, 3100, 3100, 3100, 3100, 3100, 3100, 3100, 3100, 3100, 3100, 3100, 3100, 3100, 3100, 3100, 3100, 3100, 3100, 3100, 3100, 3100, 3100, 3100, 3100, 3100, 3100, 3100, 3100, 3100,
	3100, 3100, 3100, 3100, 3100, 3100, 3100, 3100, 3100, 3100, 3100, 3100, 3100, 3100, 3100, 3100, 3100, 3100, 3100, 3100, 3100, 3100, 3100, 3100, 3100, 3100, 3100, 3100, 3100, 3100, 3100, 3100,
	3100, 3100, 3100, 3100, 3100, 3100, 3100, 3100, 3100, 3100, 3100, 3100, 3100, 3100, 3100, 3100, 3100, 3100, 3100, 3100, 3100, 3100, 3100, 3100, 3100, 3100, 3100, 3100, 3100, 3100, 3100, 3100,
	3100, 3100, 3100, 3100, 3100, 3100, 3100, 3100, 3100, 3100, 3100, 3100, 3100, 3100, 3100, 3100, 3100, 3100, 3100, 3100, 3100, 3100, 3100, 3100, 3100, 3100, 3100, 3100, 3100, 3100, 3100, 3100,
	3100, 3100, 3100, 3100, 3100, 3100, 3100, 3100, 3100, 3100, 3100, 3100, 3100, 3100, 3100, 3100, 3100, 3100, 3100, 3100, 3100, 3100, 3100, 3100, 3100, 3100, 3100, 3100, 3100, 3100, 3100, 3100,
	3100, 3100, 3100, 3100, 3100, 3100, 3100, 3100, 3100, 3100, 3100, 3100, 3100, 3100, 3100, 3100, 3100, 3100, 3100, 3100, 3100, 3100, 3100, 3100, 3100, 3100, 3100, 3100, 3100, 3100, 3100, 3100,
	3100, 3100, 3100, 3100, 3100, 3100, 3100, 3100, 3100, 3100, 3100, 3100, 3100, 3100, 3100, 3100, 3100, 3100, 3100, 3100, 3100, 3100, 3100, 3100, 3100, 3100, 3100, 3100, 3100, 3100, 3100, 3100,
	3100, 3100, 3100, 3100, 3100, 3100, 3100, 3100, 3100, 3100, 3100, 3100, 3100, 3100, 3100, 3100, 3100, 3100, 3100, 3100, 3100, 3100, 3100, 3100, 3100, 3100, 3100, 3100, 3100, 3100, 3100, 3100,
	3100, 3100, 3100, 3100, 3100, 3100, 3100, 3100, 3100, 3100, 3100, 3100, 3100, 3100, 3100, 3100, 3100, 3100, 3100, 3100, 3100, 3100, 3100, 3100, 3100, 3100, 3100, 3100, 3100, 3100, 3100, 3100,
	3100, 3100, 3100, 3100, 3100, 3100, 3100, 3100, 3100, 3100, 3100, 3100, 3100, 3100, 3100, 3100, 3100, 3100, 3100, 3100, 3100, 3100, 3100, 3100, 3100, 3100, 3100, 3100, 3100, 3100, 3100, 3100,
	3100, 3100, 3100, 3100, 3100, 3100, 3100, 3100, 3100, 3100, 3100, 3100, 3100, 3100, 3100, 3100, 3100, 3100, 3100, 3100, 3100, 3100, 3100, 3100, 3100, 3100, 3100, 3100, 3100, 3100, 3100, 3100,
	3100, 3100, 3100, 3100, 3100, 3100, 3100, 3100, 3100, 3100, 3100, 3100, 3100, 3100, 3100, 3100, 3100, 3100, 3100, 3100, 3100, 3100, 3100, 3100, 3100, 3100, 3100, 3100, 3100, 3100, 3100, 3100,
	3100, 3100, 3100, 3100, 3100, 3100, 3100, 3100, 3100, 3100, 3100, 3100, 3100, 3100, 3100, 3100, 3100, 3100, 3100, 3100, 3100, 3100, 3100, 3100, 3100, 3100, 3100, 3100, 3100, 3100, 3100, 3100,
	3100, 3100, 3100, 3100, 3100, 3100, 3100, 3100, 3100, 3100, 3100, 3100, 3100, 3100, 3100, 3100, 3100, 3100, 3100, 3100, 3100, 3100, 3100, 3100, 3100, 3100, 3100, 3100, 3100, 3100, 3100, 3100,
	3100, 3100, 3100, 3100, 3100, 3100, 3100, 3100, 3100, 3100, 3100, 3100, 3100, 3100, 3100, 3100, 3100, 3100, 3100, 3100, 3100, 3100, 3100, 3100, 3100, 3100, 3100, 3100, 3100, 3100, 3100, 3100,
	3100, 3100, 3100, 3100, 3100, 3100, 3100, 3100, 3100, 3100, 3100, 3100, 3100, 3100, 3100, 3100, 3100, 3100, 3100, 3100, 3100, 3100, 3100, 3100, 3100, 3100, 3100, 3100, 3100, 3100, 3100, 3100,
	3100, 3100, 3100, 3100, 3100, 3100, 3100, 3100, 3100, 3100, 3100, 3100, 3100, 3100, 3100, 3100, 3100, 3100, 3100, 3100, 3100, 3100, 3100, 3100, 3100, 3100, 3100, 3100, 3100, 3100, 3100, 3100,
	3100, 3100, 3100, 3100, 3100, 3100, 3100, 3100, 3100, 3100, 3100, 3100, 3100, 3100, 3100, 3100, 3100, 3100, 3100, 3100, 3100, 3100, 3100, 3100, 3100, 3100, 3100, 3100, 3100, 3100, 3100, 3100,
	3100, 3100, 3100, 3100, 3100, 3100, 3100, 3100, 3100, 3100, 3100, 3100, 3100, 3100, 3100, 3100, 3100, 3100, 3100, 3100, 3100, 3100, 3100, 3100, 3100, 3100, 3100, 3100, 3100, 3100, 3100, 3100,
	3100, 3100, 3100, 3100, 3100, 3100, 3100, 3100, 3100, 3100, 3100, 3100, 3100, 3100, 3100, 3100, 3100, 3100, 3100, 3100, 3100, 3100, 3100, 3100, 3100, 3100, 3100, 3100, 3100, 3100, 3100, 3100,
	3100, 3100, 3100, 3100, 3100, 3100, 3100, 3100, 3100, 3100, 3100, 3100, 3100, 3100, 3100, 3100, 3100, 3100, 3100, 3100, 3100, 3100, 3100, 3100, 3100, 3100, 3100, 3100, 3100, 3100, 3100, 3100,
	3100, 3100, 3100, 3100, 3100, 3100, 3100, 3100, 3100, 3100, 3100, 3100, 3100, 3100, 3100, 3100, 3100, 3100, 3100, 3100, 3100, 3100, 3100, 3100, 3100, 3100, 3100, 3100, 3100, 3100, 3100, 3100,
	3100, 3100, 3100, 3100, 3100, 3100, 3100, 3100, 3100, 3100, 3100, 3100, 3100, 3100, 3100, 3100, 3100, 3100, 3100, 3100, 3100, 3100, 3100, 3100, 3100, 3100, 3100, 3100, 3100, 3100, 3100, 3100,
	3100, 3100, 3100, 3100, 3100, 3100, 3100, 3100, 3100, 3100, 3100, 3100, 3100, 3100, 3100, 3100, 3100, 3100, 3100, 3100, 3100, 3100, 3100, 3100, 3100, 3100, 3100, 3100, 3100, 3100, 3100, 3100,
	3100, 3100, 3100, 3100, 3100, 3100, 3100, 3100, 3100, 3100, 3100, 3100, 3100, 3100, 3100, 3100, 3100, 3100, 3100, 3100, 3100, 3100, 3100, 3100, 3100, 3100, 3100, 3100, 3100, 3100, 3100, 3100,
	3100, 3100, 3100, 3100, 3100, 3100, 3100, 3100, 3100, 3100, 3100, 3100, 3100, 3100, 3100, 3100, 3100, 3100, 3100, 3100, 3100, 3100, 3100, 3100, 3100, 3100, 3100, 3100, 3100, 3100, 3100, 3100,
	3100, 3100, 3100, 3100, 3100, 3100, 3100, 3100, 3100, 3100, 3100, 3100, 3100, 3100, 3100, 3100, 3100, 3100, 3100, 3100, 3100, 3100, 3100, 3100, 3100, 3100, 3100, 3100, 3100, 3100, 3100, 3100,
	3100, 3100, 3100, 3100, 3100, 3100, 3100, 3100, 3100, 3100, 3100, 3100, 3100, 3100, 3100, 3100, 3100, 3100, 3100, 3100, 3100, 3100, 3100, 3100, 3100, 3100, 3100, 3100, 3100, 3100, 3100, 3100,
	3100, 3100, 3100, 3100, 3100, 3100, 3100, 3100, 3100, 3100, 3100, 3100, 3100, 3100, 3100, 3100, 3100, 3100, 3100, 3100, 3100, 3100, 3100, 3100, 3100, 3100, 3100, 3100, 3100, 3100, 3100, 3100,
}
DOZE1_M2_Upper = {
	5900, 5900, 5900, 5900, 5900, 5900, 5900, 5900, 5900, 5900, 5900, 5900, 5900, 5900, 5900, 5900, 5900, 5900, 5900, 5900, 5900, 5900, 5900, 5900, 5900, 5900, 5900, 5900, 5900, 5900, 5900, 5900,
	5900, 5900, 5900, 5900, 5900, 5900, 5900, 5900, 5900, 5900, 5900, 5900, 5900, 5900, 5900, 5900, 5900, 5900, 5900, 5900, 5900, 5900, 5900, 5900, 5900, 5900, 5900, 5900, 5900, 5900, 5900, 5900,
	5900, 5900, 5900, 5900, 5900, 5900, 5900, 5900, 5900, 5900, 5900, 5900, 5900, 5900, 5900, 5900, 5900, 5900, 5900, 5900, 5900, 5900, 5900, 5900, 5900, 5900, 5900, 5900, 5900, 5900, 5900, 5900,
	5900, 5900, 5900, 5900, 5900, 5900, 5900, 5900, 5900, 5900, 5900, 5900, 5900, 5900, 5900, 5900, 5900, 5900, 5900, 5900, 5900, 5900, 5900, 5900, 5900, 5900, 5900, 5900, 5900, 5900, 5900, 5900,
	5900, 5900, 5900, 5900, 5900, 5900, 5900, 5900, 5900, 5900, 5900, 5900, 5900, 5900, 5900, 5900, 5900, 5900, 5900, 5900, 5900, 5900, 5900, 5900, 5900, 5900, 5900, 5900, 5900, 5900, 5900, 5900,
	5900, 5900, 5900, 5900, 5900, 5900, 5900, 5900, 5900, 5900, 5900, 5900, 5900, 5900, 5900, 5900, 5900, 5900, 5900, 5900, 5900, 5900, 5900, 5900, 5900, 5900, 5900, 5900, 5900, 5900, 5900, 5900,
	5900, 5900, 5900, 5900, 5900, 5900, 5900, 5900, 5900, 5900, 5900, 5900, 5900, 5900, 5900, 5900, 5900, 5900, 5900, 5900, 5900, 5900, 5900, 5900, 5900, 5900, 5900, 5900, 5900, 5900, 5900, 5900,
	5900, 5900, 5900, 5900, 5900, 5900, 5900, 5900, 5900, 5900, 5900, 5900, 5900, 5900, 5900, 5900, 5900, 5900, 5900, 5900, 5900, 5900, 5900, 5900, 5900, 5900, 5900, 5900, 5900, 5900, 5900, 5900,
	5900, 5900, 5900, 5900, 5900, 5900, 5900, 5900, 5900, 5900, 5900, 5900, 5900, 5900, 5900, 5900, 5900, 5900, 5900, 5900, 5900, 5900, 5900, 5900, 5900, 5900, 5900, 5900, 5900, 5900, 5900, 5900,
	5900, 5900, 5900, 5900, 5900, 5900, 5900, 5900, 5900, 5900, 5900, 5900, 5900, 5900, 5900, 5900, 5900, 5900, 5900, 5900, 5900, 5900, 5900, 5900, 5900, 5900, 5900, 5900, 5900, 5900, 5900, 5900,
	5900, 5900, 5900, 5900, 5900, 5900, 5900, 5900, 5900, 5900, 5900, 5900, 5900, 5900, 5900, 5900, 5900, 5900, 5900, 5900, 5900, 5900, 5900, 5900, 5900, 5900, 5900, 5900, 5900, 5900, 5900, 5900,
	5900, 5900, 5900, 5900, 5900, 5900, 5900, 5900, 5900, 5900, 5900, 5900, 5900, 5900, 5900, 5900, 5900, 5900, 5900, 5900, 5900, 5900, 5900, 5900, 5900, 5900, 5900, 5900, 5900, 5900, 5900, 5900,
	5900, 5900, 5900, 5900, 5900, 5900, 5900, 5900, 5900, 5900, 5900, 5900, 5900, 5900, 5900, 5900, 5900, 5900, 5900, 5900, 5900, 5900, 5900, 5900, 5900, 5900, 5900, 5900, 5900, 5900, 5900, 5900,
	5900, 5900, 5900, 5900, 5900, 5900, 5900, 5900, 5900, 5900, 5900, 5900, 5900, 5900, 5900, 5900, 5900, 5900, 5900, 5900, 5900, 5900, 5900, 5900, 5900, 5900, 5900, 5900, 5900, 5900, 5900, 5900,
	5900, 5900, 5900, 5900, 5900, 5900, 5900, 5900, 5900, 5900, 5900, 5900, 5900, 5900, 5900, 5900, 5900, 5900, 5900, 5900, 5900, 5900, 5900, 5900, 5900, 5900, 5900, 5900, 5900, 5900, 5900, 5900,
	5900, 5900, 5900, 5900, 5900, 5900, 5900, 5900, 5900, 5900, 5900, 5900, 5900, 5900, 5900, 5900, 5900, 5900, 5900, 5900, 5900, 5900, 5900, 5900, 5900, 5900, 5900, 5900, 5900, 5900, 5900, 5900,
	5900, 5900, 5900, 5900, 5900, 5900, 5900, 5900, 5900, 5900, 5900, 5900, 5900, 5900, 5900, 5900, 5900, 5900, 5900, 5900, 5900, 5900, 5900, 5900, 5900, 5900, 5900, 5900, 5900, 5900, 5900, 5900,
	5900, 5900, 5900, 5900, 5900, 5900, 5900, 5900, 5900, 5900, 5900, 5900, 5900, 5900, 5900, 5900, 5900, 5900, 5900, 5900, 5900, 5900, 5900, 5900, 5900, 5900, 5900, 5900, 5900, 5900, 5900, 5900,
	5900, 5900, 5900, 5900, 5900, 5900, 5900, 5900, 5900, 5900, 5900, 5900, 5900, 5900, 5900, 5900, 5900, 5900, 5900, 5900, 5900, 5900, 5900, 5900, 5900, 5900, 5900, 5900, 5900, 5900, 5900, 5900,
	5900, 5900, 5900, 5900, 5900, 5900, 5900, 5900, 5900, 5900, 5900, 5900, 5900, 5900, 5900, 5900, 5900, 5900, 5900, 5900, 5900, 5900, 5900, 5900, 5900, 5900, 5900, 5900, 5900, 5900, 5900, 5900,
	5900, 5900, 5900, 5900, 5900, 5900, 5900, 5900, 5900, 5900, 5900, 5900, 5900, 5900, 5900, 5900, 5900, 5900, 5900, 5900, 5900, 5900, 5900, 5900, 5900, 5900, 5900, 5900, 5900, 5900, 5900, 5900,
	5900, 5900, 5900, 5900, 5900, 5900, 5900, 5900, 5900, 5900, 5900, 5900, 5900, 5900, 5900, 5900, 5900, 5900, 5900, 5900, 5900, 5900, 5900, 5900, 5900, 5900, 5900, 5900, 5900, 5900, 5900, 5900,
	5900, 5900, 5900, 5900, 5900, 5900, 5900, 5900, 5900, 5900, 5900, 5900, 5900, 5900, 5900, 5900, 5900, 5900, 5900, 5900, 5900, 5900, 5900, 5900, 5900, 5900, 5900, 5900, 5900, 5900, 5900, 5900,
	5900, 5900, 5900, 5900, 5900, 5900, 5900, 5900, 5900, 5900, 5900, 5900, 5900, 5900, 5900, 5900, 5900, 5900, 5900, 5900, 5900, 5900, 5900, 5900, 5900, 5900, 5900, 5900, 5900, 5900, 5900, 5900,
	5900, 5900, 5900, 5900, 5900, 5900, 5900, 5900, 5900, 5900, 5900, 5900, 5900, 5900, 5900, 5900, 5900, 5900, 5900, 5900, 5900, 5900, 5900, 5900, 5900, 5900, 5900, 5900, 5900, 5900, 5900, 5900,
	5900, 5900, 5900, 5900, 5900, 5900, 5900, 5900, 5900, 5900, 5900, 5900, 5900, 5900, 5900, 5900, 5900, 5900, 5900, 5900, 5900, 5900, 5900, 5900, 5900, 5900, 5900, 5900, 5900, 5900, 5900, 5900,
	5900, 5900, 5900, 5900, 5900, 5900, 5900, 5900, 5900, 5900, 5900, 5900, 5900, 5900, 5900, 5900, 5900, 5900, 5900, 5900, 5900, 5900, 5900, 5900, 5900, 5900, 5900, 5900, 5900, 5900, 5900, 5900,
	5900, 5900, 5900, 5900, 5900, 5900, 5900, 5900, 5900, 5900, 5900, 5900, 5900, 5900, 5900, 5900, 5900, 5900, 5900, 5900, 5900, 5900, 5900, 5900, 5900, 5900, 5900, 5900, 5900, 5900, 5900, 5900,
	5900, 5900, 5900, 5900, 5900, 5900, 5900, 5900, 5900, 5900, 5900, 5900, 5900, 5900, 5900, 5900, 5900, 5900, 5900, 5900, 5900, 5900, 5900, 5900, 5900, 5900, 5900, 5900, 5900, 5900, 5900, 5900,
	5900, 5900, 5900, 5900, 5900, 5900, 5900, 5900, 5900, 5900, 5900, 5900, 5900, 5900, 5900, 5900, 5900, 5900, 5900, 5900, 5900, 5900, 5900, 5900, 5900, 5900, 5900, 5900, 5900, 5900, 5900, 5900,
	5900, 5900, 5900, 5900, 5900, 5900, 5900, 5900, 5900, 5900, 5900, 5900, 5900, 5900, 5900, 5900, 5900, 5900, 5900, 5900, 5900, 5900, 5900, 5900, 5900, 5900, 5900, 5900, 5900, 5900, 5900, 5900,
	5900, 5900, 5900, 5900, 5900, 5900, 5900, 5900, 5900, 5900, 5900, 5900, 5900, 5900, 5900, 5900, 5900, 5900, 5900, 5900, 5900, 5900, 5900, 5900, 5900, 5900, 5900, 5900, 5900, 5900, 5900, 5900,
}
DOZE2_M2_Lower = {
	3100, 3100, 3100, 3100, 3100, 3100, 3100, 3100, 3100, 3100, 3100, 3100, 3100, 3100, 3100, 3100, 3100, 3100, 3100, 3100, 3100, 3100, 3100, 3100, 3100, 3100, 3100, 3100, 3100, 3100, 3100, 3100,
	3100, 3100, 3100, 3100, 3100, 3100, 3100, 3100, 3100, 3100, 3100, 3100, 3100, 3100, 3100, 3100, 3100, 3100, 3100, 3100, 3100, 3100, 3100, 3100, 3100, 3100, 3100, 3100, 3100, 3100, 3100, 3100,
	3100, 3100, 3100, 3100, 3100, 3100, 3100, 3100, 3100, 3100, 3100, 3100, 3100, 3100, 3100, 3100, 3100, 3100, 3100, 3100, 3100, 3100, 3100, 3100, 3100, 3100, 3100, 3100, 3100, 3100, 3100, 3100,
	3100, 3100, 3100, 3100, 3100, 3100, 3100, 3100, 3100, 3100, 3100, 3100, 3100, 3100, 3100, 3100, 3100, 3100, 3100, 3100, 3100, 3100, 3100, 3100, 3100, 3100, 3100, 3100, 3100, 3100, 3100, 3100,
	3100, 3100, 3100, 3100, 3100, 3100, 3100, 3100, 3100, 3100, 3100, 3100, 3100, 3100, 3100, 3100, 3100, 3100, 3100, 3100, 3100, 3100, 3100, 3100, 3100, 3100, 3100, 3100, 3100, 3100, 3100, 3100,
	3100, 3100, 3100, 3100, 3100, 3100, 3100, 3100, 3100, 3100, 3100, 3100, 3100, 3100, 3100, 3100, 3100, 3100, 3100, 3100, 3100, 3100, 3100, 3100, 3100, 3100, 3100, 3100, 3100, 3100, 3100, 3100,
	3100, 3100, 3100, 3100, 3100, 3100, 3100, 3100, 3100, 3100, 3100, 3100, 3100, 3100, 3100, 3100, 3100, 3100, 3100, 3100, 3100, 3100, 3100, 3100, 3100, 3100, 3100, 3100, 3100, 3100, 3100, 3100,
	3100, 3100, 3100, 3100, 3100, 3100, 3100, 3100, 3100, 3100, 3100, 3100, 3100, 3100, 3100, 3100, 3100, 3100, 3100, 3100, 3100, 3100, 3100, 3100, 3100, 3100, 3100, 3100, 3100, 3100, 3100, 3100,
	3100, 3100, 3100, 3100, 3100, 3100, 3100, 3100, 3100, 3100, 3100, 3100, 3100, 3100, 3100, 3100, 3100, 3100, 3100, 3100, 3100, 3100, 3100, 3100, 3100, 3100, 3100, 3100, 3100, 3100, 3100, 3100,
	3100, 3100, 3100, 3100, 3100, 3100, 3100, 3100, 3100, 3100, 3100, 3100, 3100, 3100, 3100, 3100, 3100, 3100, 3100, 3100, 3100, 3100, 3100, 3100, 3100, 3100, 3100, 3100, 3100, 3100, 3100, 3100,
	3100, 3100, 3100, 3100, 3100, 3100, 3100, 3100, 3100, 3100, 3100, 3100, 3100, 3100, 3100, 3100, 3100, 3100, 3100, 3100, 3100, 3100, 3100, 3100, 3100, 3100, 3100, 3100, 3100, 3100, 3100, 3100,
	3100, 3100, 3100, 3100, 3100, 3100, 3100, 3100, 3100, 3100, 3100, 3100, 3100, 3100, 3100, 3100, 3100, 3100, 3100, 3100, 3100, 3100, 3100, 3100, 3100, 3100, 3100, 3100, 3100, 3100, 3100, 3100,
	3100, 3100, 3100, 3100, 3100, 3100, 3100, 3100, 3100, 3100, 3100, 3100, 3100, 3100, 3100, 3100, 3100, 3100, 3100, 3100, 3100, 3100, 3100, 3100, 3100, 3100, 3100, 3100, 3100, 3100, 3100, 3100,
	3100, 3100, 3100, 3100, 3100, 3100, 3100, 3100, 3100, 3100, 3100, 3100, 3100, 3100, 3100, 3100, 3100, 3100, 3100, 3100, 3100, 3100, 3100, 3100, 3100, 3100, 3100, 3100, 3100, 3100, 3100, 3100,
	3100, 3100, 3100, 3100, 3100, 3100, 3100, 3100, 3100, 3100, 3100, 3100, 3100, 3100, 3100, 3100, 3100, 3100, 3100, 3100, 3100, 3100, 3100, 3100, 3100, 3100, 3100, 3100, 3100, 3100, 3100, 3100,
	3100, 3100, 3100, 3100, 3100, 3100, 3100, 3100, 3100, 3100, 3100, 3100, 3100, 3100, 3100, 3100, 3100, 3100, 3100, 3100, 3100, 3100, 3100, 3100, 3100, 3100, 3100, 3100, 3100, 3100, 3100, 3100,
	3100, 3100, 3100, 3100, 3100, 3100, 3100, 3100, 3100, 3100, 3100, 3100, 3100, 3100, 3100, 3100, 3100, 3100, 3100, 3100, 3100, 3100, 3100, 3100, 3100, 3100, 3100, 3100, 3100, 3100, 3100, 3100,
	3100, 3100, 3100, 3100, 3100, 3100, 3100, 3100, 3100, 3100, 3100, 3100, 3100, 3100, 3100, 3100, 3100, 3100, 3100, 3100, 3100, 3100, 3100, 3100, 3100, 3100, 3100, 3100, 3100, 3100, 3100, 3100,
	3100, 3100, 3100, 3100, 3100, 3100, 3100, 3100, 3100, 3100, 3100, 3100, 3100, 3100, 3100, 3100, 3100, 3100, 3100, 3100, 3100, 3100, 3100, 3100, 3100, 3100, 3100, 3100, 3100, 3100, 3100, 3100,
	3100, 3100, 3100, 3100, 3100, 3100, 3100, 3100, 3100, 3100, 3100, 3100, 3100, 3100, 3100, 3100, 3100, 3100, 3100, 3100, 3100, 3100, 3100, 3100, 3100, 3100, 3100, 3100, 3100, 3100, 3100, 3100,
	3100, 3100, 3100, 3100, 3100, 3100, 3100, 3100, 3100, 3100, 3100, 3100, 3100, 3100, 3100, 3100, 3100, 3100, 3100, 3100, 3100, 3100, 3100, 3100, 3100, 3100, 3100, 3100, 3100, 3100, 3100, 3100,
	3100, 3100, 3100, 3100, 3100, 3100, 3100, 3100, 3100, 3100, 3100, 3100, 3100, 3100, 3100, 3100, 3100, 3100, 3100, 3100, 3100, 3100, 3100, 3100, 3100, 3100, 3100, 3100, 3100, 3100, 3100, 3100,
	3100, 3100, 3100, 3100, 3100, 3100, 3100, 3100, 3100, 3100, 3100, 3100, 3100, 3100, 3100, 3100, 3100, 3100, 3100, 3100, 3100, 3100, 3100, 3100, 3100, 3100, 3100, 3100, 3100, 3100, 3100, 3100,
	3100, 3100, 3100, 3100, 3100, 3100, 3100, 3100, 3100, 3100, 3100, 3100, 3100, 3100, 3100, 3100, 3100, 3100, 3100, 3100, 3100, 3100, 3100, 3100, 3100, 3100, 3100, 3100, 3100, 3100, 3100, 3100,
	3100, 3100, 3100, 3100, 3100, 3100, 3100, 3100, 3100, 3100, 3100, 3100, 3100, 3100, 3100, 3100, 3100, 3100, 3100, 3100, 3100, 3100, 3100, 3100, 3100, 3100, 3100, 3100, 3100, 3100, 3100, 3100,
	3100, 3100, 3100, 3100, 3100, 3100, 3100, 3100, 3100, 3100, 3100, 3100, 3100, 3100, 3100, 3100, 3100, 3100, 3100, 3100, 3100, 3100, 3100, 3100, 3100, 3100, 3100, 3100, 3100, 3100, 3100, 3100,
	3100, 3100, 3100, 3100, 3100, 3100, 3100, 3100, 3100, 3100, 3100, 3100, 3100, 3100, 3100, 3100, 3100, 3100, 3100, 3100, 3100, 3100, 3100, 3100, 3100, 3100, 3100, 3100, 3100, 3100, 3100, 3100,
	3100, 3100, 3100, 3100, 3100, 3100, 3100, 3100, 3100, 3100, 3100, 3100, 3100, 3100, 3100, 3100, 3100, 3100, 3100, 3100, 3100, 3100, 3100, 3100, 3100, 3100, 3100, 3100, 3100, 3100, 3100, 3100,
	3100, 3100, 3100, 3100, 3100, 3100, 3100, 3100, 3100, 3100, 3100, 3100, 3100, 3100, 3100, 3100, 3100, 3100, 3100, 3100, 3100, 3100, 3100, 3100, 3100, 3100, 3100, 3100, 3100, 3100, 3100, 3100,
	3100, 3100, 3100, 3100, 3100, 3100, 3100, 3100, 3100, 3100, 3100, 3100, 3100, 3100, 3100, 3100, 3100, 3100, 3100, 3100, 3100, 3100, 3100, 3100, 3100, 3100, 3100, 3100, 3100, 3100, 3100, 3100,
	3100, 3100, 3100, 3100, 3100, 3100, 3100, 3100, 3100, 3100, 3100, 3100, 3100, 3100, 3100, 3100, 3100, 3100, 3100, 3100, 3100, 3100, 3100, 3100, 3100, 3100, 3100, 3100, 3100, 3100, 3100, 3100,
	3100, 3100, 3100, 3100, 3100, 3100, 3100, 3100, 3100, 3100, 3100, 3100, 3100, 3100, 3100, 3100, 3100, 3100, 3100, 3100, 3100, 3100, 3100, 3100, 3100, 3100, 3100, 3100, 3100, 3100, 3100, 3100,
}
DOZE2_M2_Upper = {
	5900, 5900, 5900, 5900, 5900, 5900, 5900, 5900, 5900, 5900, 5900, 5900, 5900, 5900, 5900, 5900, 5900, 5900, 5900, 5900, 5900, 5900, 5900, 5900, 5900, 5900, 5900, 5900, 5900, 5900, 5900, 5900,
	5900, 5900, 5900, 5900, 5900, 5900, 5900, 5900, 5900, 5900, 5900, 5900, 5900, 5900, 5900, 5900, 5900, 5900, 5900, 5900, 5900, 5900, 5900, 5900, 5900, 5900, 5900, 5900, 5900, 5900, 5900, 5900,
	5900, 5900, 5900, 5900, 5900, 5900, 5900, 5900, 5900, 5900, 5900, 5900, 5900, 5900, 5900, 5900, 5900, 5900, 5900, 5900, 5900, 5900, 5900, 5900, 5900, 5900, 5900, 5900, 5900, 5900, 5900, 5900,
	5900, 5900, 5900, 5900, 5900, 5900, 5900, 5900, 5900, 5900, 5900, 5900, 5900, 5900, 5900, 5900, 5900, 5900, 5900, 5900, 5900, 5900, 5900, 5900, 5900, 5900, 5900, 5900, 5900, 5900, 5900, 5900,
	5900, 5900, 5900, 5900, 5900, 5900, 5900, 5900, 5900, 5900, 5900, 5900, 5900, 5900, 5900, 5900, 5900, 5900, 5900, 5900, 5900, 5900, 5900, 5900, 5900, 5900, 5900, 5900, 5900, 5900, 5900, 5900,
	5900, 5900, 5900, 5900, 5900, 5900, 5900, 5900, 5900, 5900, 5900, 5900, 5900, 5900, 5900, 5900, 5900, 5900, 5900, 5900, 5900, 5900, 5900, 5900, 5900, 5900, 5900, 5900, 5900, 5900, 5900, 5900,
	5900, 5900, 5900, 5900, 5900, 5900, 5900, 5900, 5900, 5900, 5900, 5900, 5900, 5900, 5900, 5900, 5900, 5900, 5900, 5900, 5900, 5900, 5900, 5900, 5900, 5900, 5900, 5900, 5900, 5900, 5900, 5900,
	5900, 5900, 5900, 5900, 5900, 5900, 5900, 5900, 5900, 5900, 5900, 5900, 5900, 5900, 5900, 5900, 5900, 5900, 5900, 5900, 5900, 5900, 5900, 5900, 5900, 5900, 5900, 5900, 5900, 5900, 5900, 5900,
	5900, 5900, 5900, 5900, 5900, 5900, 5900, 5900, 5900, 5900, 5900, 5900, 5900, 5900, 5900, 5900, 5900, 5900, 5900, 5900, 5900, 5900, 5900, 5900, 5900, 5900, 5900, 5900, 5900, 5900, 5900, 5900,
	5900, 5900, 5900, 5900, 5900, 5900, 5900, 5900, 5900, 5900, 5900, 5900, 5900, 5900, 5900, 5900, 5900, 5900, 5900, 5900, 5900, 5900, 5900, 5900, 5900, 5900, 5900, 5900, 5900, 5900, 5900, 5900,
	5900, 5900, 5900, 5900, 5900, 5900, 5900, 5900, 5900, 5900, 5900, 5900, 5900, 5900, 5900, 5900, 5900, 5900, 5900, 5900, 5900, 5900, 5900, 5900, 5900, 5900, 5900, 5900, 5900, 5900, 5900, 5900,
	5900, 5900, 5900, 5900, 5900, 5900, 5900, 5900, 5900, 5900, 5900, 5900, 5900, 5900, 5900, 5900, 5900, 5900, 5900, 5900, 5900, 5900, 5900, 5900, 5900, 5900, 5900, 5900, 5900, 5900, 5900, 5900,
	5900, 5900, 5900, 5900, 5900, 5900, 5900, 5900, 5900, 5900, 5900, 5900, 5900, 5900, 5900, 5900, 5900, 5900, 5900, 5900, 5900, 5900, 5900, 5900, 5900, 5900, 5900, 5900, 5900, 5900, 5900, 5900,
	5900, 5900, 5900, 5900, 5900, 5900, 5900, 5900, 5900, 5900, 5900, 5900, 5900, 5900, 5900, 5900, 5900, 5900, 5900, 5900, 5900, 5900, 5900, 5900, 5900, 5900, 5900, 5900, 5900, 5900, 5900, 5900,
	5900, 5900, 5900, 5900, 5900, 5900, 5900, 5900, 5900, 5900, 5900, 5900, 5900, 5900, 5900, 5900, 5900, 5900, 5900, 5900, 5900, 5900, 5900, 5900, 5900, 5900, 5900, 5900, 5900, 5900, 5900, 5900,
	5900, 5900, 5900, 5900, 5900, 5900, 5900, 5900, 5900, 5900, 5900, 5900, 5900, 5900, 5900, 5900, 5900, 5900, 5900, 5900, 5900, 5900, 5900, 5900, 5900, 5900, 5900, 5900, 5900, 5900, 5900, 5900,
	5900, 5900, 5900, 5900, 5900, 5900, 5900, 5900, 5900, 5900, 5900, 5900, 5900, 5900, 5900, 5900, 5900, 5900, 5900, 5900, 5900, 5900, 5900, 5900, 5900, 5900, 5900, 5900, 5900, 5900, 5900, 5900,
	5900, 5900, 5900, 5900, 5900, 5900, 5900, 5900, 5900, 5900, 5900, 5900, 5900, 5900, 5900, 5900, 5900, 5900, 5900, 5900, 5900, 5900, 5900, 5900, 5900, 5900, 5900, 5900, 5900, 5900, 5900, 5900,
	5900, 5900, 5900, 5900, 5900, 5900, 5900, 5900, 5900, 5900, 5900, 5900, 5900, 5900, 5900, 5900, 5900, 5900, 5900, 5900, 5900, 5900, 5900, 5900, 5900, 5900, 5900, 5900, 5900, 5900, 5900, 5900,
	5900, 5900, 5900, 5900, 5900, 5900, 5900, 5900, 5900, 5900, 5900, 5900, 5900, 5900, 5900, 5900, 5900, 5900, 5900, 5900, 5900, 5900, 5900, 5900, 5900, 5900, 5900, 5900, 5900, 5900, 5900, 5900,
	5900, 5900, 5900, 5900, 5900, 5900, 5900, 5900, 5900, 5900, 5900, 5900, 5900, 5900, 5900, 5900, 5900, 5900, 5900, 5900, 5900, 5900, 5900, 5900, 5900, 5900, 5900, 5900, 5900, 5900, 5900, 5900,
	5900, 5900, 5900, 5900, 5900, 5900, 5900, 5900, 5900, 5900, 5900, 5900, 5900, 5900, 5900, 5900, 5900, 5900, 5900, 5900, 5900, 5900, 5900, 5900, 5900, 5900, 5900, 5900, 5900, 5900, 5900, 5900,
	5900, 5900, 5900, 5900, 5900, 5900, 5900, 5900, 5900, 5900, 5900, 5900, 5900, 5900, 5900, 5900, 5900, 5900, 5900, 5900, 5900, 5900, 5900, 5900, 5900, 5900, 5900, 5900, 5900, 5900, 5900, 5900,
	5900, 5900, 5900, 5900, 5900, 5900, 5900, 5900, 5900, 5900, 5900, 5900, 5900, 5900, 5900, 5900, 5900, 5900, 5900, 5900, 5900, 5900, 5900, 5900, 5900, 5900, 5900, 5900, 5900, 5900, 5900, 5900,
	5900, 5900, 5900, 5900, 5900, 5900, 5900, 5900, 5900, 5900, 5900, 5900, 5900, 5900, 5900, 5900, 5900, 5900, 5900, 5900, 5900, 5900, 5900, 5900, 5900, 5900, 5900, 5900, 5900, 5900, 5900, 5900,
	5900, 5900, 5900, 5900, 5900, 5900, 5900, 5900, 5900, 5900, 5900, 5900, 5900, 5900, 5900, 5900, 5900, 5900, 5900, 5900, 5900, 5900, 5900, 5900, 5900, 5900, 5900, 5900, 5900, 5900, 5900, 5900,
	5900, 5900, 5900, 5900, 5900, 5900, 5900, 5900, 5900, 5900, 5900, 5900, 5900, 5900, 5900, 5900, 5900, 5900, 5900, 5900, 5900, 5900, 5900, 5900, 5900, 5900, 5900, 5900, 5900, 5900, 5900, 5900,
	5900, 5900, 5900, 5900, 5900, 5900, 5900, 5900, 5900, 5900, 5900, 5900, 5900, 5900, 5900, 5900, 5900, 5900, 5900, 5900, 5900, 5900, 5900, 5900, 5900, 5900, 5900, 5900, 5900, 5900, 5900, 5900,
	5900, 5900, 5900, 5900, 5900, 5900, 5900, 5900, 5900, 5900, 5900, 5900, 5900, 5900, 5900, 5900, 5900, 5900, 5900, 5900, 5900, 5900, 5900, 5900, 5900, 5900, 5900, 5900, 5900, 5900, 5900, 5900,
	5900, 5900, 5900, 5900, 5900, 5900, 5900, 5900, 5900, 5900, 5900, 5900, 5900, 5900, 5900, 5900, 5900, 5900, 5900, 5900, 5900, 5900, 5900, 5900, 5900, 5900, 5900, 5900, 5900, 5900, 5900, 5900,
	5900, 5900, 5900, 5900, 5900, 5900, 5900, 5900, 5900, 5900, 5900, 5900, 5900, 5900, 5900, 5900, 5900, 5900, 5900, 5900, 5900, 5900, 5900, 5900, 5900, 5900, 5900, 5900, 5900, 5900, 5900, 5900,
	5900, 5900, 5900, 5900, 5900, 5900, 5900, 5900, 5900, 5900, 5900, 5900, 5900, 5900, 5900, 5900, 5900, 5900, 5900, 5900, 5900, 5900, 5900, 5900, 5900, 5900, 5900, 5900, 5900, 5900, 5900, 5900,
}
DOZE2_M1_Lower = {
	200, 200, 200, 200, 200, 200, 200, 200, 200, 200, 200, 200, 200, 200, 200, 200, 200, 200, 200, 200, 200, 200, 200, 200, 200, 200, 200, 200, 200, 200, 200, 200,
	200, 200, 200, 200, 200, 200, 200, 200, 200, 200, 200, 200, 200, 200, 200, 200, 200, 200, 200, 200, 200, 200, 200, 200, 200, 200, 200, 200, 200, 200, 200, 200,
	200, 200, 200, 200, 200, 200, 200, 200, 200, 200, 200, 200, 200, 200, 200, 200, 200, 200, 200, 200, 200, 200, 200, 200, 200, 200, 200, 200, 200, 200, 200, 200,
	200, 200, 200, 200, 200, 200, 200, 200, 200, 200, 200, 200, 200, 200, 200, 200, 200, 200, 200, 200, 200, 200, 200, 200, 200, 200, 200, 200, 200, 200, 200, 200,
	200, 200, 200, 200, 200, 200, 200, 200, 200, 200, 200, 200, 200, 200, 200, 200, 200, 200, 200, 200, 200, 200, 200, 200, 200, 200, 200, 200, 200, 200, 200, 200,
	200, 200, 200, 200, 200, 200, 200, 200, 200, 200, 200, 200, 200, 200, 200, 200, 200, 200, 200, 200, 200, 200, 200, 200, 200, 200, 200, 200, 200, 200, 200, 200,
	200, 200, 200, 200, 200, 200, 200, 200, 200, 200, 200, 200, 200, 200, 200, 200, 200, 200, 200, 200, 200, 200, 200, 200, 200, 200, 200, 200, 200, 200, 200, 200,
	200, 200, 200, 200, 200, 200, 200, 200, 200, 200, 200, 200, 200, 200, 200, 200, 200, 200, 200, 200, 200, 200, 200, 200, 200, 200, 200, 200, 200, 200, 200, 200,
	200, 200, 200, 200, 200, 200, 200, 200, 200, 200, 200, 200, 200, 200, 200, 200, 200, 200, 200, 200, 200, 200, 200, 200, 200, 200, 200, 200, 200, 200, 200, 200,
	200, 200, 200, 200, 200, 200, 200, 200, 200, 200, 200, 200, 200, 200, 200, 200, 200, 200, 200, 200, 200, 200, 200, 200, 200, 200, 200, 200, 200, 200, 200, 200,
	200, 200, 200, 200, 200, 200, 200, 200, 200, 200, 200, 200, 200, 200, 200, 200, 200, 200, 200, 200, 200, 200, 200, 200, 200, 200, 200, 200, 200, 200, 200, 200,
	200, 200, 200, 200, 200, 200, 200, 200, 200, 200, 200, 200, 200, 200, 200, 200, 200, 200, 200, 200, 200, 200, 200, 200, 200, 200, 200, 200, 200, 200, 200, 200,
	200, 200, 200, 200, 200, 200, 200, 200, 200, 200, 200, 200, 200, 200, 200, 200, 200, 200, 200, 200, 200, 200, 200, 200, 200, 200, 200, 200, 200, 200, 200, 200,
	200, 200, 200, 200, 200, 200, 200, 200, 200, 200, 200, 200, 200, 200, 200, 200, 200, 200, 200, 200, 200, 200, 200, 200, 200, 200, 200, 200, 200, 200, 200, 200,
	200, 200, 200, 200, 200, 200, 200, 200, 200, 200, 200, 200, 200, 200, 200, 200, 200, 200, 200, 200, 200, 200, 200, 200, 200, 200, 200, 200, 200, 200, 200, 200,
	200, 200, 200, 200, 200, 200, 200, 200, 200, 200, 200, 200, 200, 200, 200, 200, 200, 200, 200, 200, 200, 200, 200, 200, 200, 200, 200, 200, 200, 200, 200, 200,
	200, 200, 200, 200, 200, 200, 200, 200, 200, 200, 200, 200, 200, 200, 200, 200, 200, 200, 200, 200, 200, 200, 200, 200, 200, 200, 200, 200, 200, 200, 200, 200,
	200, 200, 200, 200, 200, 200, 200, 200, 200, 200, 200, 200, 200, 200, 200, 200, 200, 200, 200, 200, 200, 200, 200, 200, 200, 200, 200, 200, 200, 200, 200, 200,
	200, 200, 200, 200, 200, 200, 200, 200, 200, 200, 200, 200, 200, 200, 200, 200, 200, 200, 200, 200, 200, 200, 200, 200, 200, 200, 200, 200, 200, 200, 200, 200,
	200, 200, 200, 200, 200, 200, 200, 200, 200, 200, 200, 200, 200, 200, 200, 200, 200, 200, 200, 200, 200, 200, 200, 200, 200, 200, 200, 200, 200, 200, 200, 200,
	200, 200, 200, 200, 200, 200, 200, 200, 200, 200, 200, 200, 200, 200, 200, 200, 200, 200, 200, 200, 200, 200, 200, 200, 200, 200, 200, 200, 200, 200, 200, 200,
	200, 200, 200, 200, 200, 200, 200, 200, 200, 200, 200, 200, 200, 200, 200, 200, 200, 200, 200, 200, 200, 200, 200, 200, 200, 200, 200, 200, 200, 200, 200, 200,
	200, 200, 200, 200, 200, 200, 200, 200, 200, 200, 200, 200, 200, 200, 200, 200, 200, 200, 200, 200, 200, 200, 200, 200, 200, 200, 200, 200, 200, 200, 200, 200,
	200, 200, 200, 200, 200, 200, 200, 200, 200, 200, 200, 200, 200, 200, 200, 200, 200, 200, 200, 200, 200, 200, 200, 200, 200, 200, 200, 200, 200, 200, 200, 200,
	200, 200, 200, 200, 200, 200, 200, 200, 200, 200, 200, 200, 200, 200, 200, 200, 200, 200, 200, 200, 200, 200, 200, 200, 200, 200, 200, 200, 200, 200, 200, 200,
	200, 200, 200, 200, 200, 200, 200, 200, 200, 200, 200, 200, 200, 200, 200, 200, 200, 200, 200, 200, 200, 200, 200, 200, 200, 200, 200, 200, 200, 200, 200, 200,
	200, 200, 200, 200, 200, 200, 200, 200, 200, 200, 200, 200, 200, 200, 200, 200, 200, 200, 200, 200, 200, 200, 200, 200, 200, 200, 200, 200, 200, 200, 200, 200,
	200, 200, 200, 200, 200, 200, 200, 200, 200, 200, 200, 200, 200, 200, 200, 200, 200, 200, 200, 200, 200, 200, 200, 200, 200, 200, 200, 200, 200, 200, 200, 200,
	200, 200, 200, 200, 200, 200, 200, 200, 200, 200, 200, 200, 200, 200, 200, 200, 200, 200, 200, 200, 200, 200, 200, 200, 200, 200, 200, 200, 200, 200, 200, 200,
	200, 200, 200, 200, 200, 200, 200, 200, 200, 200, 200, 200, 200, 200, 200, 200, 200, 200, 200, 200, 200, 200, 200, 200, 200, 200, 200, 200, 200, 200, 200, 200,
	200, 200, 200, 200, 200, 200, 200, 200, 200, 200, 200, 200, 200, 200, 200, 200, 200, 200, 200, 200, 200, 200, 200, 200, 200, 200, 200, 200, 200, 200, 200, 200,
	200, 200, 200, 200, 200, 200, 200, 200, 200, 200, 200, 200, 200, 200, 200, 200, 200, 200, 200, 200, 200, 200, 200, 200, 200, 200, 200, 200, 200, 200, 200, 200,
}
DOZE2_M1_Upper = {
	1800, 1800, 1800, 1800, 1800, 1800, 1800, 1800, 1800, 1800, 1800, 1800, 1800, 1800, 1800, 1800, 1800, 1800, 1800, 1800, 1800, 1800, 1800, 1800, 1800, 1800, 1800, 1800, 1800, 1800, 1800, 1800,
	1800, 1800, 1800, 1800, 1800, 1800, 1800, 1800, 1800, 1800, 1800, 1800, 1800, 1800, 1800, 1800, 1800, 1800, 1800, 1800, 1800, 1800, 1800, 1800, 1800, 1800, 1800, 1800, 1800, 1800, 1800, 1800,
	1800, 1800, 1800, 1800, 1800, 1800, 1800, 1800, 1800, 1800, 1800, 1800, 1800, 1800, 1800, 1800, 1800, 1800, 1800, 1800, 1800, 1800, 1800, 1800, 1800, 1800, 1800, 1800, 1800, 1800, 1800, 1800,
	1800, 1800, 1800, 1800, 1800, 1800, 1800, 1800, 1800, 1800, 1800, 1800, 1800, 1800, 1800, 1800, 1800, 1800, 1800, 1800, 1800, 1800, 1800, 1800, 1800, 1800, 1800, 1800, 1800, 1800, 1800, 1800,
	1800, 1800, 1800, 1800, 1800, 1800, 1800, 1800, 1800, 1800, 1800, 1800, 1800, 1800, 1800, 1800, 1800, 1800, 1800, 1800, 1800, 1800, 1800, 1800, 1800, 1800, 1800, 1800, 1800, 1800, 1800, 1800,
	1800, 1800, 1800, 1800, 1800, 1800, 1800, 1800, 1800, 1800, 1800, 1800, 1800, 1800, 1800, 1800, 1800, 1800, 1800, 1800, 1800, 1800, 1800, 1800, 1800, 1800, 1800, 1800, 1800, 1800, 1800, 1800,
	1800, 1800, 1800, 1800, 1800, 1800, 1800, 1800, 1800, 1800, 1800, 1800, 1800, 1800, 1800, 1800, 1800, 1800, 1800, 1800, 1800, 1800, 1800, 1800, 1800, 1800, 1800, 1800, 1800, 1800, 1800, 1800,
	1800, 1800, 1800, 1800, 1800, 1800, 1800, 1800, 1800, 1800, 1800, 1800, 1800, 1800, 1800, 1800, 1800, 1800, 1800, 1800, 1800, 1800, 1800, 1800, 1800, 1800, 1800, 1800, 1800, 1800, 1800, 1800,
	1800, 1800, 1800, 1800, 1800, 1800, 1800, 1800, 1800, 1800, 1800, 1800, 1800, 1800, 1800, 1800, 1800, 1800, 1800, 1800, 1800, 1800, 1800, 1800, 1800, 1800, 1800, 1800, 1800, 1800, 1800, 1800,
	1800, 1800, 1800, 1800, 1800, 1800, 1800, 1800, 1800, 1800, 1800, 1800, 1800, 1800, 1800, 1800, 1800, 1800, 1800, 1800, 1800, 1800, 1800, 1800, 1800, 1800, 1800, 1800, 1800, 1800, 1800, 1800,
	1800, 1800, 1800, 1800, 1800, 1800, 1800, 1800, 1800, 1800, 1800, 1800, 1800, 1800, 1800, 1800, 1800, 1800, 1800, 1800, 1800, 1800, 1800, 1800, 1800, 1800, 1800, 1800, 1800, 1800, 1800, 1800,
	1800, 1800, 1800, 1800, 1800, 1800, 1800, 1800, 1800, 1800, 1800, 1800, 1800, 1800, 1800, 1800, 1800, 1800, 1800, 1800, 1800, 1800, 1800, 1800, 1800, 1800, 1800, 1800, 1800, 1800, 1800, 1800,
	1800, 1800, 1800, 1800, 1800, 1800, 1800, 1800, 1800, 1800, 1800, 1800, 1800, 1800, 1800, 1800, 1800, 1800, 1800, 1800, 1800, 1800, 1800, 1800, 1800, 1800, 1800, 1800, 1800, 1800, 1800, 1800,
	1800, 1800, 1800, 1800, 1800, 1800, 1800, 1800, 1800, 1800, 1800, 1800, 1800, 1800, 1800, 1800, 1800, 1800, 1800, 1800, 1800, 1800, 1800, 1800, 1800, 1800, 1800, 1800, 1800, 1800, 1800, 1800,
	1800, 1800, 1800, 1800, 1800, 1800, 1800, 1800, 1800, 1800, 1800, 1800, 1800, 1800, 1800, 1800, 1800, 1800, 1800, 1800, 1800, 1800, 1800, 1800, 1800, 1800, 1800, 1800, 1800, 1800, 1800, 1800,
	1800, 1800, 1800, 1800, 1800, 1800, 1800, 1800, 1800, 1800, 1800, 1800, 1800, 1800, 1800, 1800, 1800, 1800, 1800, 1800, 1800, 1800, 1800, 1800, 1800, 1800, 1800, 1800, 1800, 1800, 1800, 1800,
	1800, 1800, 1800, 1800, 1800, 1800, 1800, 1800, 1800, 1800, 1800, 1800, 1800, 1800, 1800, 1800, 1800, 1800, 1800, 1800, 1800, 1800, 1800, 1800, 1800, 1800, 1800, 1800, 1800, 1800, 1800, 1800,
	1800, 1800, 1800, 1800, 1800, 1800, 1800, 1800, 1800, 1800, 1800, 1800, 1800, 1800, 1800, 1800, 1800, 1800, 1800, 1800, 1800, 1800, 1800, 1800, 1800, 1800, 1800, 1800, 1800, 1800, 1800, 1800,
	1800, 1800, 1800, 1800, 1800, 1800, 1800, 1800, 1800, 1800, 1800, 1800, 1800, 1800, 1800, 1800, 1800, 1800, 1800, 1800, 1800, 1800, 1800, 1800, 1800, 1800, 1800, 1800, 1800, 1800, 1800, 1800,
	1800, 1800, 1800, 1800, 1800, 1800, 1800, 1800, 1800, 1800, 1800, 1800, 1800, 1800, 1800, 1800, 1800, 1800, 1800, 1800, 1800, 1800, 1800, 1800, 1800, 1800, 1800, 1800, 1800, 1800, 1800, 1800,
	1800, 1800, 1800, 1800, 1800, 1800, 1800, 1800, 1800, 1800, 1800, 1800, 1800, 1800, 1800, 1800, 1800, 1800, 1800, 1800, 1800, 1800, 1800, 1800, 1800, 1800, 1800, 1800, 1800, 1800, 1800, 1800,
	1800, 1800, 1800, 1800, 1800, 1800, 1800, 1800, 1800, 1800, 1800, 1800, 1800, 1800, 1800, 1800, 1800, 1800, 1800, 1800, 1800, 1800, 1800, 1800, 1800, 1800, 1800, 1800, 1800, 1800, 1800, 1800,
	1800, 1800, 1800, 1800, 1800, 1800, 1800, 1800, 1800, 1800, 1800, 1800, 1800, 1800, 1800, 1800, 1800, 1800, 1800, 1800, 1800, 1800, 1800, 1800, 1800, 1800, 1800, 1800, 1800, 1800, 1800, 1800,
	1800, 1800, 1800, 1800, 1800, 1800, 1800, 1800, 1800, 1800, 1800, 1800, 1800, 1800, 1800, 1800, 1800, 1800, 1800, 1800, 1800, 1800, 1800, 1800, 1800, 1800, 1800, 1800, 1800, 1800, 1800, 1800,
	1800, 1800, 1800, 1800, 1800, 1800, 1800, 1800, 1800, 1800, 1800, 1800, 1800, 1800, 1800, 1800, 1800, 1800, 1800, 1800, 1800, 1800, 1800, 1800, 1800, 1800, 1800, 1800, 1800, 1800, 1800, 1800,
	1800, 1800, 1800, 1800, 1800, 1800, 1800, 1800, 1800, 1800, 1800, 1800, 1800, 1800, 1800, 1800, 1800, 1800, 1800, 1800, 1800, 1800, 1800, 1800, 1800, 1800, 1800, 1800, 1800, 1800, 1800, 1800,
	1800, 1800, 1800, 1800, 1800, 1800, 1800, 1800, 1800, 1800, 1800, 1800, 1800, 1800, 1800, 1800, 1800, 1800, 1800, 1800, 1800, 1800, 1800, 1800, 1800, 1800, 1800, 1800, 1800, 1800, 1800, 1800,
	1800, 1800, 1800, 1800, 1800, 1800, 1800, 1800, 1800, 1800, 1800, 1800, 1800, 1800, 1800, 1800, 1800, 1800, 1800, 1800, 1800, 1800, 1800, 1800, 1800, 1800, 1800, 1800, 1800, 1800, 1800, 1800,
	1800, 1800, 1800, 1800, 1800, 1800, 1800, 1800, 1800, 1800, 1800, 1800, 1800, 1800, 1800, 1800, 1800, 1800, 1800, 1800, 1800, 1800, 1800, 1800, 1800, 1800, 1800, 1800, 1800, 1800, 1800, 1800,
	1800, 1800, 1800, 1800, 1800, 1800, 1800, 1800, 1800, 1800, 1800, 1800, 1800, 1800, 1800, 1800, 1800, 1800, 1800, 1800, 1800, 1800, 1800, 1800, 1800, 1800, 1800, 1800, 1800, 1800, 1800, 1800,
	1800, 1800, 1800, 1800, 1800, 1800, 1800, 1800, 1800, 1800, 1800, 1800, 1800, 1800, 1800, 1800, 1800, 1800, 1800, 1800, 1800, 1800, 1800, 1800, 1800, 1800, 1800, 1800, 1800, 1800, 1800, 1800,
	1800, 1800, 1800, 1800, 1800, 1800, 1800, 1800, 1800, 1800, 1800, 1800, 1800, 1800, 1800, 1800, 1800, 1800, 1800, 1800, 1800, 1800, 1800, 1800, 1800, 1800, 1800, 1800, 1800, 1800, 1800, 1800,
}

DOZE1_M2_Jitter_Lower = {
	0, 0, 0, 0, 0, 0, 0, 0, 0, 0, 0, 0, 0, 0, 0, 0, 0, 0, 0, 0, 0, 0, 0, 0, 0, 0, 0, 0, 0, 0, 0, 0,
	0, 0, 0, 0, 0, 0, 0, 0, 0, 0, 0, 0, 0, 0, 0, 0, 0, 0, 0, 0, 0, 0, 0, 0, 0, 0, 0, 0, 0, 0, 0, 0,
	0, 0, 0, 0, 0, 0, 0, 0, 0, 0, 0, 0, 0, 0, 0, 0, 0, 0, 0, 0, 0, 0, 0, 0, 0, 0, 0, 0, 0, 0, 0, 0,
	0, 0, 0, 0, 0, 0, 0, 0, 0, 0, 0, 0, 0, 0, 0, 0, 0, 0, 0, 0, 0, 0, 0, 0, 0, 0, 0, 0, 0, 0, 0, 0,
	0, 0, 0, 0, 0, 0, 0, 0, 0, 0, 0, 0, 0, 0, 0, 0, 0, 0, 0, 0, 0, 0, 0, 0, 0, 0, 0, 0, 0, 0, 0, 0,
	0, 0, 0, 0, 0, 0, 0, 0, 0, 0, 0, 0, 0, 0, 0, 0, 0, 0, 0, 0, 0, 0, 0, 0, 0, 0, 0, 0, 0, 0, 0, 0,
	0, 0, 0, 0, 0, 0, 0, 0, 0, 0, 0, 0, 0, 0, 0, 0, 0, 0, 0, 0, 0, 0, 0, 0, 0, 0, 0, 0, 0, 0, 0, 0,
	0, 0, 0, 0, 0, 0, 0, 0, 0, 0, 0, 0, 0, 0, 0, 0, 0, 0, 0, 0, 0, 0, 0, 0, 0, 0, 0, 0, 0, 0, 0, 0,
	0, 0, 0, 0, 0, 0, 0, 0, 0, 0, 0, 0, 0, 0, 0, 0, 0, 0, 0, 0, 0, 0, 0, 0, 0, 0, 0, 0, 0, 0, 0, 0,
	0, 0, 0, 0, 0, 0, 0, 0, 0, 0, 0, 0, 0, 0, 0, 0, 0, 0, 0, 0, 0, 0, 0, 0, 0, 0, 0, 0, 0, 0, 0, 0,
	0, 0, 0, 0, 0, 0, 0, 0, 0, 0, 0, 0, 0, 0, 0, 0, 0, 0, 0, 0, 0, 0, 0, 0, 0, 0, 0, 0, 0, 0, 0, 0,
	0, 0, 0, 0, 0, 0, 0, 0, 0, 0, 0, 0, 0, 0, 0, 0, 0, 0, 0, 0, 0, 0, 0, 0, 0, 0, 0, 0, 0, 0, 0, 0,
	0, 0, 0, 0, 0, 0, 0, 0, 0, 0, 0, 0, 0, 0, 0, 0, 0, 0, 0, 0, 0, 0, 0, 0, 0, 0, 0, 0, 0, 0, 0, 0,
	0, 0, 0, 0, 0, 0, 0, 0, 0, 0, 0, 0, 0, 0, 0, 0, 0, 0, 0, 0, 0, 0, 0, 0, 0, 0, 0, 0, 0, 0, 0, 0,
	0, 0, 0, 0, 0, 0, 0, 0, 0, 0, 0, 0, 0, 0, 0, 0, 0, 0, 0, 0, 0, 0, 0, 0, 0, 0, 0, 0, 0, 0, 0, 0,
	0, 0, 0, 0, 0, 0, 0, 0, 0, 0, 0, 0, 0, 0, 0, 0, 0, 0, 0, 0, 0, 0, 0, 0, 0, 0, 0, 0, 0, 0, 0, 0,
	0, 0, 0, 0, 0, 0, 0, 0, 0, 0, 0, 0, 0, 0, 0, 0, 0, 0, 0, 0, 0, 0, 0, 0, 0, 0, 0, 0, 0, 0, 0, 0,
	0, 0, 0, 0, 0, 0, 0, 0, 0, 0, 0, 0, 0, 0, 0, 0, 0, 0, 0, 0, 0, 0, 0, 0, 0, 0, 0, 0, 0, 0, 0, 0,
	0, 0, 0, 0, 0, 0, 0, 0, 0, 0, 0, 0, 0, 0, 0, 0, 0, 0, 0, 0, 0, 0, 0, 0, 0, 0, 0, 0, 0, 0, 0, 0,
	0, 0, 0, 0, 0, 0, 0, 0, 0, 0, 0, 0, 0, 0, 0, 0, 0, 0, 0, 0, 0, 0, 0, 0, 0, 0, 0, 0, 0, 0, 0, 0,
	0, 0, 0, 0, 0, 0, 0, 0, 0, 0, 0, 0, 0, 0, 0, 0, 0, 0, 0, 0, 0, 0, 0, 0, 0, 0, 0, 0, 0, 0, 0, 0,
	0, 0, 0, 0, 0, 0, 0, 0, 0, 0, 0, 0, 0, 0, 0, 0, 0, 0, 0, 0, 0, 0, 0, 0, 0, 0, 0, 0, 0, 0, 0, 0,
	0, 0, 0, 0, 0, 0, 0, 0, 0, 0, 0, 0, 0, 0, 0, 0, 0, 0, 0, 0, 0, 0, 0, 0, 0, 0, 0, 0, 0, 0, 0, 0,
	0, 0, 0, 0, 0, 0, 0, 0, 0, 0, 0, 0, 0, 0, 0, 0, 0, 0, 0, 0, 0, 0, 0, 0, 0, 0, 0, 0, 0, 0, 0, 0,
	0, 0, 0, 0, 0, 0, 0, 0, 0, 0, 0, 0, 0, 0, 0, 0, 0, 0, 0, 0, 0, 0, 0, 0, 0, 0, 0, 0, 0, 0, 0, 0,
	0, 0, 0, 0, 0, 0, 0, 0, 0, 0, 0, 0, 0, 0, 0, 0, 0, 0, 0, 0, 0, 0, 0, 0, 0, 0, 0, 0, 0, 0, 0, 0,
	0, 0, 0, 0, 0, 0, 0, 0, 0, 0, 0, 0, 0, 0, 0, 0, 0, 0, 0, 0, 0, 0, 0, 0, 0, 0, 0, 0, 0, 0, 0, 0,
	0, 0, 0, 0, 0, 0, 0, 0, 0, 0, 0, 0, 0, 0, 0, 0, 0, 0, 0, 0, 0, 0, 0, 0, 0, 0, 0, 0, 0, 0, 0, 0,
	0, 0, 0, 0, 0, 0, 0, 0, 0, 0, 0, 0, 0, 0, 0, 0, 0, 0, 0, 0, 0, 0, 0, 0, 0, 0, 0, 0, 0, 0, 0, 0,
	0, 0, 0, 0, 0, 0, 0, 0, 0, 0, 0, 0, 0, 0, 0, 0, 0, 0, 0, 0, 0, 0, 0, 0, 0, 0, 0, 0, 0, 0, 0, 0,
	0, 0, 0, 0, 0, 0, 0, 0, 0, 0, 0, 0, 0, 0, 0, 0, 0, 0, 0, 0, 0, 0, 0, 0, 0, 0, 0, 0, 0, 0, 0, 0,
	0, 0, 0, 0, 0, 0, 0, 0, 0, 0, 0, 0, 0, 0, 0, 0, 0, 0, 0, 0, 0, 0, 0, 0, 0, 0, 0, 0, 0, 0, 0, 0,
}
DOZE1_M2_Jitter_Upper = {
	49, 49, 49, 49, 49, 49, 49, 49, 49, 49, 49, 49, 49, 49, 49, 49, 49, 49, 49, 49, 49, 49, 49, 49, 49, 49, 49, 49, 49, 49, 49, 49,
	49, 49, 49, 49, 49, 49, 49, 49, 49, 49, 49, 49, 49, 49, 49, 49, 49, 49, 49, 49, 49, 49, 49, 49, 49, 49, 49, 49, 49, 49, 49, 49,
	49, 49, 49, 49, 49, 49, 49, 49, 49, 49, 49, 49, 49, 49, 49, 49, 49, 49, 49, 49, 49, 49, 49, 49, 49, 49, 49, 49, 49, 49, 49, 49,
	49, 49, 49, 49, 49, 49, 49, 49, 49, 49, 49, 49, 49, 49, 49, 49, 49, 49, 49, 49, 49, 49, 49, 49, 49, 49, 49, 49, 49, 49, 49, 49,
	49, 49, 49, 49, 49, 49, 49, 49, 49, 49, 49, 49, 49, 49, 49, 49, 49, 49, 49, 49, 49, 49, 49, 49, 49, 49, 49, 49, 49, 49, 49, 49,
	49, 49, 49, 49, 49, 49, 49, 49, 49, 49, 49, 49, 49, 49, 49, 49, 49, 49, 49, 49, 49, 49, 49, 49, 49, 49, 49, 49, 49, 49, 49, 49,
	49, 49, 49, 49, 49, 49, 49, 49, 49, 49, 49, 49, 49, 49, 49, 49, 49, 49, 49, 49, 49, 49, 49, 49, 49, 49, 49, 49, 49, 49, 49, 49,
	49, 49, 49, 49, 49, 49, 49, 49, 49, 49, 49, 49, 49, 49, 49, 49, 49, 49, 49, 49, 49, 49, 49, 49, 49, 49, 49, 49, 49, 49, 49, 49,
	49, 49, 49, 49, 49, 49, 49, 49, 49, 49, 49, 49, 49, 49, 49, 49, 49, 49, 49, 49, 49, 49, 49, 49, 49, 49, 49, 49, 49, 49, 49, 49,
	49, 49, 49, 49, 49, 49, 49, 49, 49, 49, 49, 49, 49, 49, 49, 49, 49, 49, 49, 49, 49, 49, 49, 49, 49, 49, 49, 49, 49, 49, 49, 49,
	49, 49, 49, 49, 49, 49, 49, 49, 49, 49, 49, 49, 49, 49, 49, 49, 49, 49, 49, 49, 49, 49, 49, 49, 49, 49, 49, 49, 49, 49, 49, 49,
	49, 49, 49, 49, 49, 49, 49, 49, 49, 49, 49, 49, 49, 49, 49, 49, 49, 49, 49, 49, 49, 49, 49, 49, 49, 49, 49, 49, 49, 49, 49, 49,
	49, 49, 49, 49, 49, 49, 49, 49, 49, 49, 49, 49, 49, 49, 49, 49, 49, 49, 49, 49, 49, 49, 49, 49, 49, 49, 49, 49, 49, 49, 49, 49,
	49, 49, 49, 49, 49, 49, 49, 49, 49, 49, 49, 49, 49, 49, 49, 49, 49, 49, 49, 49, 49, 49, 49, 49, 49, 49, 49, 49, 49, 49, 49, 49,
	49, 49, 49, 49, 49, 49, 49, 49, 49, 49, 49, 49, 49, 49, 49, 49, 49, 49, 49, 49, 49, 49, 49, 49, 49, 49, 49, 49, 49, 49, 49, 49,
	49, 49, 49, 49, 49, 49, 49, 49, 49, 49, 49, 49, 49, 49, 49, 49, 49, 49, 49, 49, 49, 49, 49, 49, 49, 49, 49, 49, 49, 49, 49, 49,
	49, 49, 49, 49, 49, 49, 49, 49, 49, 49, 49, 49, 49, 49, 49, 49, 49, 49, 49, 49, 49, 49, 49, 49, 49, 49, 49, 49, 49, 49, 49, 49,
	49, 49, 49, 49, 49, 49, 49, 49, 49, 49, 49, 49, 49, 49, 49, 49, 49, 49, 49, 49, 49, 49, 49, 49, 49, 49, 49, 49, 49, 49, 49, 49,
	49, 49, 49, 49, 49, 49, 49, 49, 49, 49, 49, 49, 49, 49, 49, 49, 49, 49, 49, 49, 49, 49, 49, 49, 49, 49, 49, 49, 49, 49, 49, 49,
	49, 49, 49, 49, 49, 49, 49, 49, 49, 49, 49, 49, 49, 49, 49, 49, 49, 49, 49, 49, 49, 49, 49, 49, 49, 49, 49, 49, 49, 49, 49, 49,
	49, 49, 49, 49, 49, 49, 49, 49, 49, 49, 49, 49, 49, 49, 49, 49, 49, 49, 49, 49, 49, 49, 49, 49, 49, 49, 49, 49, 49, 49, 49, 49,
	49, 49, 49, 49, 49, 49, 49, 49, 49, 49, 49, 49, 49, 49, 49, 49, 49, 49, 49, 49, 49, 49, 49, 49, 49, 49, 49, 49, 49, 49, 49, 49,
	49, 49, 49, 49, 49, 49, 49, 49, 49, 49, 49, 49, 49, 49, 49, 49, 49, 49, 49, 49, 49, 49, 49, 49, 49, 49, 49, 49, 49, 49, 49, 49,
	49, 49, 49, 49, 49, 49, 49, 49, 49, 49, 49, 49, 49, 49, 49, 49, 49, 49, 49, 49, 49, 49, 49, 49, 49, 49, 49, 49, 49, 49, 49, 49,
	49, 49, 49, 49, 49, 49, 49, 49, 49, 49, 49, 49, 49, 49, 49, 49, 49, 49, 49, 49, 49, 49, 49, 49, 49, 49, 49, 49, 49, 49, 49, 49,
	49, 49, 49, 49, 49, 49, 49, 49, 49, 49, 49, 49, 49, 49, 49, 49, 49, 49, 49, 49, 49, 49, 49, 49, 49, 49, 49, 49, 49, 49, 49, 49,
	49, 49, 49, 49, 49, 49, 49, 49, 49, 49, 49, 49, 49, 49, 49, 49, 49, 49, 49, 49, 49, 49, 49, 49, 49, 49, 49, 49, 49, 49, 49, 49,
	49, 49, 49, 49, 49, 49, 49, 49, 49, 49, 49, 49, 49, 49, 49, 49, 49, 49, 49, 49, 49, 49, 49, 49, 49, 49, 49, 49, 49, 49, 49, 49,
	49, 49, 49, 49, 49, 49, 49, 49, 49, 49, 49, 49, 49, 49, 49, 49, 49, 49, 49, 49, 49, 49, 49, 49, 49, 49, 49, 49, 49, 49, 49, 49,
	49, 49, 49, 49, 49, 49, 49, 49, 49, 49, 49, 49, 49, 49, 49, 49, 49, 49, 49, 49, 49, 49, 49, 49, 49, 49, 49, 49, 49, 49, 49, 49,
	49, 49, 49, 49, 49, 49, 49, 49, 49, 49, 49, 49, 49, 49, 49, 49, 49, 49, 49, 49, 49, 49, 49, 49, 49, 49, 49, 49, 49, 49, 49, 49,
	49, 49, 49, 49, 49, 49, 49, 49, 49, 49, 49, 49, 49, 49, 49, 49, 49, 49, 49, 49, 49, 49, 49, 49, 49, 49, 49, 49, 49, 49, 49, 49,
}